1, 1, 2, 3, 11, 22, 29, 46, 52, 70
2, 588, 647, 2418, 3012, 370, 1813, 2679, 3381, 110, 231, 24
3, 4967, 5224, 5967, 5638, 5703, 1128, 1430, 2256, 3763, 5025, 5369, 7452, 5619, 7162, 2462, 189
4, 8720, 9024, 7247, 8443, 3698, 6185, 7607, 6133, 2519, 478, 28, 4, 39, 82
5, 9054, 9991, 7203, 8451, 7373, 5791, 716, 40
6, 6113, 9150, 825, 5400, 1124, 567, 492
7, 7264, 942, 1731, 2743, 8065, 1017, 1240, 214
8, 3832, 5764, 1913, 3340, 743
9, 7237, 6318, 8459, 8461, 3027, 6448, 9699, 2787, 1872, 3325
10, 9473, 3809, 352, 748, 2914, 7290, 707, 760, 958, 1495, 1742, 555, 4126
11, 5170, 1054, 1736, 1848, 6236, 368, 7467, 6244, 1183, 1679
12, 5330, 7966, 6466, 7475, 2043, 5608, 5636, 4548, 4605, 2483, 4220, 125
13, 9443, 7302, 9226, 9178, 6740, 1283
14, 8532, 7853, 3701, 4053, 8167, 444, 911, 1403, 9946
15, 9375, 3580, 9003, 9113, 9354, 3275
16, 3471, 7074, 3452, 1859, 2673, 6038
17, 3473, 5514, 3836, 2383, 2631, 3730, 4337, 8758
18, 8478, 6590, 6484, 4077, 4127
19, 7016, 4374, 1087, 5533, 9295
20, 7259, 3161, 3241, 3260, 7289, 2160, 5665
21, 3826, 6169, 1773, 3287, 5517, 9453, 8260
22, 5914, 3840, 5901, 4919, 6134, 5081
23, 6572, 7701, 6694, 6138, 7067, 2647, 2802
24, 7872, 3736, 3945, 8233, 8691, 1331
25, 9268, 9074, 4718, 8876, 8012, 1634, 5549, 42
26, 5111, 5711, 4679, 9854, 112, 465, 724, 8298, 64, 193, 239, 1075
27, 6431, 1245, 4427, 247, 1920, 308
28, 4791, 5553, 7548, 2786, 5284, 456
29, 6068, 4990, 5201, 9557, 5408, 6854, 3761, 3467, 8396, 5309, 6760, 9785, 1382
30, 6188, 8284, 5587, 8938, 7923, 5338, 541, 2754, 5910, 600
31, 9105, 9499, 5343, 3933, 4853, 7159, 965
32, 6053, 7915, 9637, 5472, 877, 2209, 6272, 6911, 7329, 2446
33, 9316, 5916, 7207, 7927, 5409, 5221, 7500, 1304
34, 3224, 1640, 4455, 5590, 1571, 181
35, 8102, 6570, 5211, 8037, 8998, 3551
36, 7588, 8481, 2366, 2859, 2943, 3364, 7194
37, 8188, 4847, 3960, 96, 298, 364, 1096, 1335, 2198, 3410, 5779
38, 8553, 8149, 5539, 4432, 5186, 1647, 2479, 2530, 9836, 413, 5000, 1103, 144, 658, 48
39, 8111, 6850, 3045, 3265, 7732, 649, 1538, 190, 113, 1165
40, 8842, 3921, 4265, 7046, 3371, 4549, 2677, 5582, 3457, 196, 119, 258
41, 8423, 6971, 3561, 5966, 9609, 8811, 384, 3036, 639
42, 6920, 3781, 8688
43, 9645, 8647, 9985, 2782, 3805
44, 5257, 490, 529, 803, 1601, 3634, 4861, 4654, 996
45, 4531, 1154, 1779, 2768, 215, 325, 1152, 1333
46, 3919, 1983, 2812, 3908, 4943, 668, 2138, 2389
47, 4052, 4954, 4364, 8764, 9558, 4150, 4779, 594, 709, 1507
48, 4610, 9181, 9521, 4385, 1250
49, 7585, 7605, 3582, 6950, 8044, 947, 2940, 3200, 8122
50, 3450, 4015, 3700, 3991, 1159, 1747, 5882
51, 5203, 2480, 1777, 1881, 5733, 8305
52, 6592, 7993, 2149, 1701, 8162, 7612
53, 2822, 3441, 4242, 4491, 1724, 3696
54, 7827, 6139, 1980, 3347, 4776, 7150, 448, 9016
55, 9752, 5250, 6563, 583
56, 669, 2599, 3252, 8011, 9498, 844, 1125, 3451
57, 2402, 3550, 8241, 2042, 2659, 6880, 6947
58, 3281, 4677, 6528, 229, 414, 9361
59, 4067, 5291, 5327, 5481, 7663, 896, 7948, 605, 607, 276
60, 7651, 6889, 8749, 1093, 1184, 5761, 2029, 4440, 4606
61, 7989, 1521, 1718, 2710, 4217, 4527
62, 4438, 6856, 8917, 5181, 2148, 1904, 2269, 9734
63, 6192, 4209, 5391, 2404, 5529
64, 2542, 4812, 7341, 3315, 1925, 3168, 4714, 9549, 4462
65, 7807, 6609, 2755, 4637, 3198, 8327, 627, 9511
66, 8828, 8687, 9982, 8878, 8354, 9833, 7820, 2963
67, 8813, 3020, 1144, 7101, 225
68, 8860, 1454, 5659, 9948, 1893, 1929
69, 6065, 6652, 2336, 3031, 2627, 250, 271
70, 8460, 5790, 8675, 6062, 3972, 3618, 4540, 313, 1312, 2507
71, 8432, 7476, 4571, 4693, 6186, 3047, 892, 972, 2028
72, 8010, 9092, 8156, 7508
73, 9141, 1034, 1408, 2115, 4065, 7110, 572
74, 8358, 9478, 6696, 954, 5624
75, 2282, 2889, 6342, 2172, 5545, 9014, 9434, 1595
76, 8275, 7842, 5080, 25, 35, 237, 1472, 3877, 1756, 1138
77, 8499, 8890, 2512, 1918
78, 8541, 7096, 88, 102, 381, 481, 2681, 3019, 3143, 5110
79, 3082, 7897, 562, 1266, 2458, 2783, 4823, 128, 211, 322
80, 4300, 6497, 8772, 5169, 3122, 3178, 3574, 159, 2052
81, 6602, 3442, 1274, 8606, 305, 799, 3518, 160, 294, 330, 7639, 7564, 2202
82, 8057, 1387, 8747, 8875, 9642, 3899, 5998, 493, 883, 8319
83, 2434, 9782, 7053, 7007, 4260, 4327, 839, 631, 1459, 7968
84, 2789, 5449, 9772, 5125, 5435, 5523, 4868, 7496, 2341
85, 9620, 4946, 8567, 6480, 9528, 5879
86, 8405, 9198, 4225, 2498
87, 9932, 5246, 498, 5028, 5483, 7544, 9823
88, 983, 1451, 5959, 9589, 3025, 8898, 2833, 6725
89, 8091, 1689, 1752, 3050, 1021, 1588, 2991, 1422
90, 3882, 5217, 5333, 2655, 1284
91, 6348, 5726, 7769, 1301, 2222, 4033, 6661, 9046, 5652
92, 6587, 7909, 8551, 3379, 3693, 1303, 1380, 3117, 3359, 3361
93, 4168, 6612, 7997, 8216, 6617, 9163, 3911, 5342
94, 7916, 8870, 6969, 9442, 9319, 1851
95, 8384, 4801, 4591, 7553
96, 7803, 8414, 6559, 8884, 8943
97, 8869, 9767, 9280, 489, 710
98, 1080, 7001, 739, 1175, 4358, 5156, 2083
99, 1322, 8034, 1327, 7396, 9476, 1071, 3813, 6768, 9303, 3930, 6519, 8082
100, 2048, 9784, 9367, 6893, 8468
101, 9298, 1134, 2442, 9061
102, 7371, 1291, 1414, 1844, 9430, 849, 5114, 8116
103, 3422, 5952, 2215, 2317, 1706
104, 6029, 6758, 8738, 2447
105, 7470, 8608, 4184, 5488, 5727
106, 7477, 8056, 4378, 6928
107, 6424, 8630, 450, 758, 1048, 1081
108, 1759, 2932, 9994, 3051, 4824
109, 2117, 4223, 5237, 5713, 5610, 6863, 1378
110, 7380, 3220, 5306, 6212, 9678, 5865
111, 5755, 7738, 8416, 1116, 6881, 3267
112, 9318, 8705, 3724, 7294
113, 8765, 8762, 5493, 3719, 1073, 3351, 4312, 4934
114, 7086, 4777, 5151, 5490, 2835
115, 6483, 3314, 3905, 4120, 1213, 3947
116, 5373, 5509, 3037, 4393, 5829, 4329
117, 6199, 8962, 152, 226, 1305
118, 1323, 5786, 1761, 1908, 387, 9304
119, 2267, 5119, 3229, 5227, 3007, 324, 840, 7493, 472, 1247, 616
120, 8701, 4785, 3715, 6268, 910, 3354
121, 8980, 1466, 2699, 2800
122, 4116, 4507, 1513, 1783, 2651, 5527
123, 7273, 9750, 6131, 2938, 7855, 9076, 2671, 1955, 2543, 6965, 3489, 5283
124, 7366, 7944, 9591, 4651, 604
125, 8664, 9359, 3196, 3228, 1728, 4234
126, 5699, 8282, 2960, 6781, 4391, 6778
127, 7423, 9958, 4580, 2293
128, 8145, 8542, 4722, 9230, 4213, 3654, 3669, 9039, 3745
129, 9926, 8533, 4691, 8626, 5164, 2135
130, 5494, 6838, 7125, 7316, 2315, 7345, 6664
131, 4611, 30, 118
132, 5231, 6150, 285, 518, 1734, 4514, 292, 952, 57, 92, 3345
133, 9289, 1483, 3510, 2152, 361, 5752, 8480
134, 2508, 3179, 496
135, 9386, 4459, 6507, 622, 1086, 517, 2994, 4113
136, 8776, 969, 1836, 2432, 7245, 8025, 945, 2116, 5662, 3288, 5159, 7185
137, 1463, 3977, 5572, 8201, 8418, 7427, 2827, 1022, 1597, 1667, 3095
138, 3637, 8051, 9809, 9928, 2319, 2393, 4950, 3470
139, 2390, 7650, 2576, 4164, 5352, 3774, 141, 147, 409
140, 2568, 2604, 5038, 5268, 9603, 5317, 7626, 463, 873, 2089, 2217
141, 9538, 3261, 9417, 6278, 6807, 6995, 1396
142, 3341, 7899, 9497, 5664, 6102, 9179, 659, 4720, 1441
143, 8718, 8663, 7890, 6692, 4403, 8579
144, 8548, 560, 1629, 2746
145, 5653, 796, 2120, 8625, 1208, 5706, 5204
146, 4746, 3916, 3996, 7814, 8950, 6604, 4626
147, 7862, 5375, 9910, 94, 881, 4587
148, 9460, 673, 5766, 161, 9655, 7982, 6634
149, 886, 1079, 1188, 3113, 3114, 3780, 4574, 995, 6051, 235, 323, 1318
150, 6010, 6146, 5058, 9439, 5185, 2695, 4235, 1020, 4444, 4082, 462
151, 9930, 6723, 7010, 3718, 3879, 4344, 933, 1550, 6290
152, 5424, 6543, 9131, 5455, 8497
153, 8970, 2608, 3362, 7397, 9895, 2237, 8325
154, 4901, 6686, 7849, 3868, 2664, 4173, 8996, 8109, 4552, 6345, 722
155, 8985, 9701, 7683, 5288, 6865, 9921, 8342, 1150, 1703, 5516, 9227
156, 9848, 9059, 2475, 3929
157, 4951, 6499, 7135, 8425, 7121, 4756, 9421, 4923, 1448, 1541
158, 8019, 8506, 9248, 8699, 5033, 5979
159, 4963, 8523, 6866, 3230, 6451
160, 9456, 2711, 3127, 5207, 5386, 9615, 9796
161, 3448, 7740, 1535, 6513
162, 4183, 3346, 3466, 4085, 4909, 1863, 3484
163, 9713, 7884, 8760, 998
164, 8427, 2364, 3511, 7540, 3187
165, 7570, 8338, 4308, 7224, 6257, 7402, 7653
166, 9488, 428, 4719, 1161
167, 1570, 2000, 3307, 5179, 5174, 6975, 1545, 2851, 3636
168, 3598, 5569, 2201, 1941, 2086
169, 6319, 5383, 7649, 9768, 2441, 7530, 9766, 6629
170, 9977, 3971, 7155, 3172, 5083, 2192, 5625
171, 7567, 4218, 6214, 7457
172, 8027, 7156, 6583, 8495, 8715, 6567
173, 9426, 7764, 2236, 2676, 3495, 5565, 9126, 148
174, 8138, 3603, 4783, 5955, 6000, 6203, 208, 240, 3071
175, 5627, 6829, 9411, 5782, 2760, 471
176, 6294, 6875, 2861, 3148, 8069, 8404
177, 7049, 7812, 2891, 6094, 269, 372, 2200, 4270
178, 6925, 9008, 2972, 3661, 4569, 4999, 1704, 3046, 1750
179, 4641, 5312, 5547, 3628, 4435, 3668, 5670, 1876
180, 6095, 8020, 9707, 9845, 5827, 6100, 2276
181, 6766, 9062, 7044, 1888, 2242, 6593, 2777
182, 2527, 5023, 5071, 6994, 2575, 6939
183, 7027, 9815, 4105, 4809
184, 4882, 7004, 2920, 3079, 3903, 5123
185, 8365, 4222, 5736, 6685, 4073, 4309
186, 5615, 9184, 9664, 6794, 8862, 6830, 6761, 9773
187, 7727, 5171, 9045, 9207
188, 1589, 2652, 4414, 1349
189, 4416, 6804, 9317, 527, 1243, 2018, 7099
190, 4598, 5265, 6648, 3048, 2685, 1552
191, 7257, 9073, 7334, 9720, 9937, 2170, 3922, 9273
192, 9810, 2409, 4338, 7338, 9040, 8017
193, 9501, 2549, 5964
194, 8143, 5838, 681, 866, 989, 4422
195, 8939, 7091, 7729, 8212, 9201, 4713, 7666
196, 9889, 9732, 1059, 1562, 1671, 4074
197, 2337, 2563, 3656, 5419, 8900, 927, 1832, 6788, 5467
198, 3129, 9880, 8302, 9281, 1865, 7694, 1824
199, 3657, 9253, 9980, 4081, 1820
200, 8782, 9142, 4325
201, 2184, 2607, 7333, 2955, 3663
202, 2737, 3301, 4129, 6638, 6289, 3857
203, 2742, 3331, 3651, 3810, 4568
204, 7603, 7922, 6207, 6806, 994, 2703, 2778, 7981
205, 5404, 8021, 4186
206, 8582, 6144, 287, 1388, 7079, 9383
207, 7601, 3674, 6546, 7359, 573, 893, 1264, 2061, 597, 3126
208, 7411, 4389, 9147, 1362, 3138, 3889, 9811, 1374, 3754, 1641, 2352, 5750, 3915, 5477, 898
209, 6334, 7867, 9748, 4705, 6553, 7210, 6040, 6226, 4233
210, 7569, 8852, 5876, 9519, 9927, 9263, 2014, 4736
211, 8522, 6050, 8940, 3399, 6613, 7945, 6339, 1653
212, 8368, 9952, 8272, 6288, 7088, 7243
213, 9117, 1232, 2962, 925, 4757
214, 9781, 3205, 9834, 1255, 3567, 6194, 7692, 9139, 6964
215, 5579, 7232, 582
216, 7856, 3374, 884, 1171, 1503
217, 8587, 3937, 4537, 9640, 1433
218, 4763, 1635, 2329, 2916, 2849, 3801
219, 9529, 4792, 2700, 5282, 5300
220, 5655, 3804, 5194, 1269, 1607, 2903
221, 9601, 3828, 5588, 4944, 1656, 6349
222, 8809, 5267, 9546, 5277, 2435, 3141, 3962, 6504
223, 5358, 9013, 9138, 5739, 4686
224, 5746, 9761, 7168, 320, 713
225, 9842, 5887, 7439, 8819, 7219, 764
226, 8576, 6265, 4418, 6460, 961
227, 8322, 4992, 6028
228, 8615, 6328, 2261, 5013, 3533
229, 3483, 4410, 4042, 4112, 4682, 5977, 1457
230, 4061, 6127, 6930, 8046, 5556, 2103
231, 8814, 6536, 6637, 7375, 2162, 3645
232, 8880, 9855, 8401, 5271, 3967
233, 6826, 7025, 6657, 6532
234, 8605, 537, 2250, 3839, 3892
235, 4483, 7852, 9420, 9214, 7974, 2124, 3249
236, 5027, 6228, 9840, 9691
237, 6525, 7617, 4291
238, 9132, 1749, 4084, 4704
239, 2645, 8022, 9284, 9492
240, 9667, 7143
241, 307, 429, 939, 61, 129, 525, 777
242, 590, 1710, 8490, 311, 617, 618, 209
243, 4829, 802, 1321, 2041, 628, 1174, 1359, 2828
244, 7051, 1407, 2146, 3948, 4426, 8987, 2075, 2335, 4046
245, 7449, 1534, 2106, 4912, 3812, 5457
246, 3303, 4243, 8435, 1271, 7069, 580
247, 5055, 9560, 3794, 9602, 1148, 1236, 1289, 2265, 6039, 1235, 1546, 1846
248, 9513, 5933, 6197, 9171, 2057, 5046, 1785, 6666, 4272, 4323
249, 6360, 9641, 2456, 6831, 5850, 3189, 5019
250, 8946, 8527, 2692, 6746, 6004, 7134
251, 4907, 6993, 3679, 6419, 6699, 6346, 7201
252, 6589, 7395, 7704, 9562, 2437, 6195, 6824, 5062
253, 8918, 7218, 8979, 4110, 4764, 4162
254, 8652, 7415, 4407
255, 6163, 5163, 5891
256, 7383, 2174, 7515, 4888
257, 8500, 5328, 8680, 7693, 8790, 8189
258, 9086, 5573, 8945, 8346, 5855, 2360
259, 8515, 1555, 3445, 7006
260, 1880, 3421, 4960, 5875, 4702, 9463, 165, 1126, 278, 344, 606
261, 5716, 8100, 3646, 5197, 6370, 8413, 354
262, 9412, 9202, 7090, 726, 3043
263, 1252, 3985, 1766, 3503, 6517
264, 8607, 2461, 2996, 5650, 7983, 2428, 4155
265, 9504, 5920, 2429, 2453, 511
266, 2941, 4021, 4245, 715, 755, 941, 1314, 1948, 3609, 667
267, 8989, 5057, 8544, 3130, 4027, 830, 1961, 2567
268, 7278, 8650, 917, 991, 3732, 2586, 2977
269, 6103, 7541, 3721, 8717
270, 4973, 9027, 9660, 1277, 4241, 4502
271, 6644, 7757, 8094, 8856, 9182, 5069, 6951, 3756, 4800, 1633, 9078
272, 9978, 4871, 4411, 5238, 9621, 9968, 6394, 9072, 8457
273, 8273, 9540, 5301, 7398, 9760
274, 3088, 3744, 4007, 6209
275, 8678, 5387, 6014, 3549, 5007, 6611
276, 8839, 7451, 3943, 847, 3029
277, 4652, 9662, 4586, 3304, 3436, 1868
278, 5292, 6562, 4902, 3579, 4665, 6286, 4617
279, 6283, 5697, 4135, 7146
280, 7249, 9862, 9730, 8297, 9825, 3883
281, 9923, 5525, 7364, 2466
282, 8375, 455, 2151, 2722
283, 2244, 9702, 723, 2739, 8529
284, 4898, 1091, 2368, 3799, 6922, 7098
285, 6230, 9567
286, 1994, 4445, 5544, 794, 1834, 2820, 4839, 9406
287, 2195, 2926, 9322, 9715, 3644, 4151, 3616
288, 5395, 6938, 7634, 5128, 6423, 5585, 2321
289, 9755, 5742, 1511
290, 6398, 1722, 2136, 2131, 5974, 4247, 4499
291, 3662, 5722, 9984, 4961, 6530, 9173
292, 6690, 5698, 8498, 5139, 9790
293, 8768, 9285, 5821, 8256, 8769, 5202, 9663, 31
294, 3278, 8683, 9327
295, 4274, 1133, 1682, 3355
296, 4562, 5465, 7492
297, 8323, 8471
298, 5482, 1229, 1384, 36
299, 1526, 2056, 2942, 3391, 9938
300, 3927, 4565, 5740, 8942, 5452, 8031, 2975, 6663, 45, 68, 106, 868
301, 9112, 5927, 6693, 7454, 8928, 3333, 5712, 1308, 1340, 1608, 47, 74, 2554
302, 2348, 3319, 4088, 6155, 1695, 4205, 8725, 702, 1697, 2407, 87, 1351, 169, 111
303, 3262, 2254, 3166, 8807, 5728, 3119, 1328, 6414, 115, 485, 623
304, 5117, 5563, 6052, 9219, 2719, 4848, 6008, 6121, 9127, 6032, 7066, 9731
305, 5840, 8345, 6115, 6296, 3299, 5382, 126, 186, 703, 856
306, 6577, 8180, 6347, 563, 4793, 8311, 171
307, 6973, 7766, 8393, 7083, 1218, 350, 3946, 7593
308, 8521, 8222, 4661, 5218, 9966, 101, 328, 708, 674
309, 8873, 5724, 281, 356, 4855, 534
310, 3425, 4772, 5374, 993, 1019, 1668, 1877, 1292, 1111, 5518, 1715
311, 6755, 6136, 7312, 5006, 5744, 7978, 8048, 2248, 7075, 1179, 4125, 2454, 924, 940, 4590
312, 9914, 9162, 9950, 7123, 2079, 5099, 6382, 2251, 2867, 5957, 8355, 174
313, 7686, 9402, 7089, 7802, 4395, 5991, 6817, 180
314, 7838, 7638, 6552, 9954, 266
315, 4356, 3689, 8863, 2646, 4412, 274, 797, 1638
316, 4535, 6258, 4662, 4685, 3197, 3722, 3558, 3601, 6220
317, 6764, 5001, 9808, 5381, 8877, 7021
318, 5730, 9769, 4134, 5645, 9876
319, 9665, 8831, 1337, 9961
320, 2044, 3964, 7825, 9786, 3692
321, 4018, 3227, 6864, 7821, 8924, 6522, 7665, 291
322, 4908, 6605, 8732, 2467, 3845, 753, 5065, 333, 6234
323, 7494, 903, 3897, 273
324, 8858, 9449, 6540, 1008, 1347, 6401, 9794, 1142, 1494, 420
325, 7153, 7636, 3454, 7126, 2284, 5704
326, 4458, 5602, 2301, 7191, 2578, 7182, 1146
327, 9017, 2855, 5749, 6073, 9228, 1261
328, 4889, 1169, 1982
329, 1225, 1533, 1373, 2298, 5824, 2154
330, 2286, 2055, 6200, 8001, 8159, 4219, 3983, 5242
331, 2886, 8097, 5280, 8291, 5270, 8410, 4755, 7619
332, 6754, 7358, 9503, 4621, 4981
333, 8253, 8857, 6991, 8257, 7667
334, 8990, 8590, 2257, 5448, 7526, 8894
335, 2906, 3871, 9646, 2245
336, 9723, 3838, 3844, 3975, 5982, 1372
337, 5009, 6396, 7813, 8183, 130, 216
338, 5266, 8786, 1420, 1936, 9670, 7024
339, 2654, 3145, 4700, 1956, 5880, 7221, 8744, 9312, 4498, 505, 5089, 7282
340, 3201, 2832, 7566, 2410, 9022, 587, 644, 1090
341, 6406, 2872, 3204, 4734, 9600, 2488, 9955, 6376, 4546, 1995
342, 8861, 5710, 4534, 554
343, 5077, 8303, 7521, 8208, 1233, 1473, 5981, 8191
344, 5153, 5591, 5970, 2027, 516
345, 6739, 5989, 7937, 1315, 8868, 1976, 5599, 1005, 1222
346, 7751, 2506, 5687, 2640, 7721, 9047, 5731, 3602, 1527
347, 9595, 3660, 5326, 6306, 4156, 8200, 4706
348, 9804, 9357, 9612, 5187, 7542, 4471, 6447
349, 2720, 3685, 8426, 6608
350, 4945, 6748, 3672, 8794, 9133, 7706, 6700
351, 9975, 9346, 8107, 9770, 1228, 1500, 4484, 9903, 177, 275, 347
352, 2101, 5050, 7595, 2594, 7346, 9356, 1032, 445
353, 7836, 3244, 3532, 4486, 1478
354, 5014, 8003, 6148, 9031, 3797, 7158, 640
355, 5173, 8841, 2230, 2522, 2474, 9461, 2482
356, 2987, 3002, 823
357, 3128, 8174, 4487, 4869, 1346, 2011, 3247
358, 9427, 3731, 7105, 4264, 4449, 3156, 3950, 5351, 1645
359, 7940, 4980, 5658, 8119, 6610, 5963, 6458
360, 9838, 8634, 6524, 3076
361, 7781, 7172, 4387, 4409, 1394, 8438, 5104
362, 5551, 5971, 4725, 2533, 2798, 5228, 7830, 1732, 4059, 7033
363, 7466, 5600, 2865, 2885, 3137, 2999, 3109, 6355, 4261, 4437, 6152
364, 7403, 8134, 3219, 8885, 9320, 3439, 4650, 8008
365, 9345, 6129, 9232, 6383
366, 8750, 7503, 188, 194, 263
367, 8489, 2612, 4038, 442, 391, 416, 690, 1368, 3814, 1293
368, 4639, 9739, 742, 1052, 1391, 4086, 5188, 9685, 2062
369, 5570, 7770, 1808, 3659, 3083, 3951, 5439, 6337, 7674
370, 3695, 9694, 6196, 810, 4159, 8112, 8808
371, 5410, 7591, 838, 1197, 5584
372, 7718, 6820, 7271, 1874
373, 4536, 6049, 4328, 6324, 9919, 7560, 1281
374, 9990, 8228, 3847, 4121, 1297, 2340, 3737, 4148
375, 6862, 5463, 6871, 9169, 3748, 6091, 7276, 1298, 7828
376, 9315, 7035, 3434, 9525, 3778
377, 7908, 5213, 395, 1755, 4988, 6974, 9064, 6033
378, 2489, 3236, 621, 948, 4240, 5359, 5524, 7554
379, 6793, 8209, 9130, 7687, 9993, 6627, 8108
380, 8230, 8659, 814, 876, 1847, 2398, 4180, 6908
381, 4806, 1379, 2271, 1786
382, 2007, 3396, 4875, 5421, 4333
383, 6534, 6882, 6636, 1302, 3322, 3552
384, 3110, 5526, 5960, 4545, 6547
385, 4166, 2190, 3167, 78
386, 4347, 8315, 6492, 198, 586, 1210, 2758
387, 9292, 9524, 8462
388, 8722, 410, 532, 3332
389, 699, 860, 2084, 2504, 916, 1316, 3444, 6354, 501, 9106
390, 2573, 3149, 7251, 968, 6868
391, 8948, 7889, 1860, 2704, 4064, 4361
392, 9827, 8033, 6157, 9102, 9433, 4396, 6941, 3177, 3640
393, 6906, 538, 7854
394, 564, 683, 2391
395, 6119, 986, 1924, 3612, 4008, 955
396, 4710, 9168, 3856, 1270, 2644, 1974, 3762, 7233, 2668, 2709, 6378, 6575, 9360
397, 8612, 9583, 4528, 3785, 9964, 1411, 2324, 6061, 4465, 4671
398, 4467, 6918, 4816, 7672, 9231, 4642, 7888
399, 4712, 8118, 9103, 5848, 4299, 9259
400, 7389, 9330, 6174, 9310, 2784
401, 8855, 2796, 3932, 4285, 3342, 3653
402, 7970, 3420, 3536, 4469, 7136, 10
403, 6309, 5598, 4102, 6018, 9192, 8891, 272, 13
404, 7875, 5692, 7448, 8706, 8289, 9618, 5720
405, 7432, 329, 774, 2675, 6012, 5787
406, 1583, 524, 975, 2203, 3453, 9962, 14
407, 2384, 3028, 4834, 8727, 2893, 3854, 7719, 9832, 858, 863, 891, 992, 27, 154
408, 3343, 8292, 5148, 1170, 4509, 6384, 3806, 967, 1475, 9970
409, 5388, 5603, 4448, 1512, 9822, 2572
410, 4753, 7080, 9164, 9265, 1153, 2811, 5414
411, 9881, 9474, 5528, 6957, 3917, 3938, 6891, 1377
412, 7351, 1840, 6556, 1516, 2091, 4948
413, 4941, 5571, 3022
414, 6635, 6063, 6350, 5183
415, 7965, 6281, 7131, 5431, 4268, 9936, 4842, 7095
416, 8502, 8934, 1708
417, 5015, 7778, 4989
418, 6123, 8906, 9166, 928
419, 9657, 8773, 3681, 9087, 7460, 9925, 6264
420, 9510, 9798, 9441
421, 7419, 7657, 26
422, 7763, 3901, 51, 608, 54, 97
423, 5363, 7845, 638, 4371, 5895, 100, 1817, 99
424, 7148, 7184, 7337, 6105, 6213, 117, 451, 729
425, 7613, 77, 86, 595
426, 9425, 5830, 779, 2060, 2365, 224, 1067, 1275, 83, 1605
427, 5060, 5735, 7600, 788, 915, 1130, 1632, 2930, 3817, 7085, 7487
428, 9155, 3973, 4600, 8310, 5441, 5613, 2721, 3173, 8853, 3629, 230, 6292
429, 4965, 6321, 5956, 8850, 4236, 6476, 260, 1182, 5825, 3212, 1393
430, 5496, 8845, 8053, 4354, 5355, 7835, 7255, 3469, 1013, 3820, 8317, 9244
431, 7297, 9813, 9407, 1421, 2246
432, 1106, 1993, 2161, 4244, 6910, 8225, 1324
433, 3174, 4381, 3270, 6117, 7726, 5180
434, 4494, 5780, 8126, 9324, 8617, 8821
435, 9610, 9783, 7450, 1285, 3535, 6813
436, 2077, 6308, 1856, 2367, 4199, 751
437, 6336, 7177, 4649, 8080, 4820, 4972, 4602, 9397, 3480
438, 6363, 7408, 5654, 5717, 4326, 6299, 8578
439, 8469, 6898, 2968, 5458
440, 9401, 6122, 7506, 9448, 8822, 5575
441, 9940, 7609, 9267, 9378, 2224, 2521, 2869
442, 3789, 5898, 6273, 2613, 4695, 124, 502
443, 6561, 6983, 5928, 8127, 9536, 5233, 6571, 7248, 822
444, 8103, 6368, 1137
445, 5776, 7652, 7880, 3225, 1330, 1334, 1725, 1350
446, 9116, 9275, 9941, 222, 1579, 3548
447, 1837, 4797, 1873, 1092, 1354, 3831, 2176, 2535, 5319
448, 2911, 4163, 2003, 9012, 2953, 3243
449, 4808, 3277, 9559, 7183, 2989, 3623, 9335, 2252, 2565
450, 6580, 6698, 7342, 8889, 5856, 2350, 2965, 8593
451, 9585, 7504, 8797, 9957, 7002, 4872
452, 9680, 3310, 2899, 4011, 8334, 7315
453, 9029, 3395, 4355, 3272, 9212, 4982
454, 6578, 8886, 1501, 3498, 5161, 920, 1390
455, 5208, 6047, 1558, 1909, 3334, 5253
456, 6070, 7782, 8114, 3538, 4991, 5611, 1602, 135, 821, 1910
457, 8141, 8719, 8261, 9371, 7441, 4103, 7065, 136, 1001, 145
458, 9165, 9729, 6206, 6409, 8565, 1097, 283, 349, 789, 539
459, 7637, 7986, 9847, 1810, 2259, 3152
460, 9438, 6914, 1180
461, 9447, 1726, 3523, 3837, 5535, 1417, 2145, 2497, 2618
462, 7327, 2628, 3376, 5137, 6642
463, 8137, 4259, 8280, 4597, 3210, 4974, 5026, 6303, 7902, 286
464, 8270, 8518, 7800, 5047, 7785, 4575, 818, 773, 2908
465, 9725, 9634, 7654, 8132, 7755, 9034, 5034
466, 9631, 2688, 4799, 7214, 2074
467, 8748, 2629, 8095, 2747, 9837
468, 9550, 4313, 9364, 2287, 2610, 4228, 8981, 8487
469, 2653, 2696, 6013, 611
470, 7133, 6978, 785, 601, 2539
471, 8514, 6501, 5315, 9951, 5340, 922
472, 1796, 1855, 2211, 7972, 5190, 1109, 4314, 783
473, 9069, 2813, 3460, 2158, 999, 1727
474, 5324, 4585, 7165, 3456, 4739, 8166, 2873
475, 7710, 4959, 8463, 7400
476, 9572, 8871, 8653, 9167, 5459, 9944
477, 9943, 9793, 3501, 7951, 8018
478, 9592, 4405, 7728, 8897, 1911, 1663, 5371
479, 9999, 1238, 2228, 7404, 9033
480, 3667, 7242, 1239
481, 2159, 1413, 1968, 8919, 1461, 41
482, 2283, 2593, 9795, 3106, 6705, 1688, 2289, 1502
483, 5604, 9149, 3035, 3504, 6839, 7680, 7742, 8023
484, 7225, 9328, 7754, 9898, 4583, 8084
485, 9237, 8796, 9337, 9688, 9819, 4979, 2051
486, 5420, 5940, 3431, 4246, 9459
487, 1807, 2221, 2035
488, 2843, 4153, 6792, 9159, 4892
489, 7093, 7947, 8505, 5772, 7971, 6814, 7994
490, 7215, 9043, 6015, 6352, 6463, 6510, 8804
491, 8867, 7679, 6823, 9515, 58, 163
492, 9763, 184, 676, 232, 282, 457, 5005, 85
493, 720, 1325, 2279, 5024, 7017, 9545, 6461, 826
494, 2025, 7771, 2757, 4257, 5074, 7410, 7615, 6072, 2694, 4382, 4399, 6523, 8428, 1078, 392, 411, 1115, 288
495, 2844, 4506, 9547, 7167, 6495, 7750, 4860, 5577, 5800, 2338, 575, 635
496, 3311, 5695, 6861, 6622, 8130, 7486, 7497, 6743, 7633, 6048
497, 3600, 6819, 8239, 5594, 8320, 2173
498, 8223, 8206, 1954, 2214, 8029, 2185, 3508
499, 3101, 7186, 3677, 6697, 9857, 6107
500, 8993, 5596, 5184, 3595, 6217, 7418, 864
501, 9697, 6135, 2218, 4297, 4622, 4271, 6020, 3707, 6942, 9625
502, 9700, 8378, 3194, 8737, 6083
503, 9239, 2107, 4701, 6548, 2621, 4655
504, 9576, 5422, 1574
505, 5883, 4956, 5366, 7082, 2684, 3717, 1992, 2213
506, 9502, 7559, 304, 7250, 4231, 5296, 3925, 4576, 6393, 2318, 3382
507, 1631, 2633, 9580, 6486, 7405, 4669, 7137, 4917, 8601
508, 6386, 4926, 7608, 5939, 9032, 9922, 9934, 5785, 3191
509, 9669, 8389, 9712, 6444, 7668
510, 7328, 8211, 8313, 3576
511, 7921, 8887, 3961, 5478, 1219
512, 7952, 5010, 5949, 1544, 3170, 7919, 127
513, 9066, 8825, 9287, 6757, 9038, 158, 5
514, 179, 386, 475, 656, 698, 845, 5108, 5894, 770
515, 6643, 7826, 7189, 1775, 1039, 829, 543, 619, 4916
516, 1921, 2181, 6327, 1163
517, 7717, 8436, 2068, 1145, 1553, 4638
518, 3481, 1711, 1769, 2596, 3671
519, 9553, 8494, 4596, 1895, 3842, 2017, 1447, 1532, 890
520, 9828, 5892, 4737, 4060, 3033, 4170, 6490, 2597
521, 6390, 2210, 3008, 8883, 2670, 5248
522, 9099, 9387, 2801, 3577, 4198, 5143, 8277, 5318, 4618, 5485
523, 4672, 5614, 6116, 7435, 1845
524, 5255, 2065, 4152, 6239, 7866
525, 8881, 5403, 9385, 8503, 1204
526, 7040, 5251, 8669, 3121
527, 7114, 9979, 3123, 6853, 6981, 4604
528, 6537, 9541, 2622, 4463, 6961, 7620
529, 8952, 5968, 5995, 3816
530, 6527, 8903, 4324, 8604, 684
531, 9666, 5075, 5411, 7711, 784, 2536, 3240, 8802, 495
532, 6332, 7956, 8279, 811
533, 6425, 8973, 718
534, 3397, 3611, 4390, 2988
535, 7060, 7753, 9396, 7656, 8554, 960, 2547, 5157, 1167
536, 8454, 9548, 7833, 8299, 1984, 2067
537, 7012, 4143, 4795, 2328, 8571, 4804, 5815
538, 4762, 4813, 9568, 8628, 7471, 2713
539, 7446, 8731, 1003, 2311, 334, 714, 985, 1068, 1782
540, 3380, 3767, 7009, 2856, 3067, 5054, 1990, 1157, 1342, 602, 936
541, 5906, 7571, 8009, 3108, 4503, 8242, 2643, 5622, 7386, 1412, 1431, 2122
542, 7894, 9965, 4971, 5946, 7664, 7805, 7809, 5384, 2966, 4388, 2080
543, 7756, 9010, 8394, 1746, 6182, 2571
544, 6508, 7847, 2304, 2433, 3791, 3058, 7528, 2803, 706, 2666
545, 7907, 9512, 8937, 3087, 5504, 7362, 9647, 6750
546, 8591, 9144, 2726, 5100, 4709, 7822, 759
547, 9883, 4101, 5680, 5775, 8892, 5474, 9754, 3605
548, 8686, 6596, 7699, 3042
549, 8834, 8120, 4631, 4773, 7709, 8511, 2223, 4277
550, 8929, 1741, 5931, 7743, 3256
551, 3055, 5427, 2874, 7311
552, 8557, 5663, 9052, 8081, 3740
553, 8637, 6204, 3841, 2727
554, 7424, 8512, 249, 277
555, 155, 434, 634, 290
556, 801, 813, 1234, 804, 1654, 1743, 3059
557, 1504, 7870, 854, 2895, 3851, 4009, 7935, 8517, 175
558, 7296, 8369, 2097, 4004, 1037, 1648, 3155, 4851, 8073
559, 5103, 2235, 3795, 7252, 8276, 1939, 4996, 5042
560, 9818, 8390, 9677, 9516, 7174, 9907, 5367
561, 7128, 2112, 7087, 5166, 1713, 3390, 6876
562, 1610, 1623, 6588, 2281
563, 9151, 5442, 9004, 8830, 8972, 1223, 2464
564, 8967, 9933, 5087, 6639, 6767, 1757, 4826, 7431, 443
565, 7444, 8312, 9879, 8153, 295, 385
566, 871, 2205
567, 2863, 8986, 1058, 1195, 2059, 2544, 3690, 4036, 453, 466, 2264, 5919, 9486
568, 4490, 7190, 8444, 5814, 8901, 3992, 7226, 1050
569, 9878, 9431, 4758, 7572, 8665, 1514, 1363
570, 3543, 4098, 4118, 5321, 3472, 2697, 5434, 6437
571, 4464, 6058, 6179, 6137, 5537
572, 8360, 5310, 8947, 2805
573, 9146, 9758, 1224, 5538
574, 5719, 9887, 1365, 1889
575, 3424, 8879, 4379, 2881, 3589, 469, 16
576, 9129, 8294, 3098, 7673, 768, 1923, 1999, 7339, 2034, 3783, 577
577, 9211, 3825, 4022, 7023, 7472, 3293, 908, 4439, 5124, 1158, 5884, 17
578, 3357, 5146, 6436, 7725, 1123, 1661, 2188, 5162, 6084
579, 5987, 8456, 4165, 9552, 7850, 8104, 43
580, 8249, 9136, 5878, 9799, 9370, 1427
581, 9468, 8611, 3886
582, 8658, 6046, 2227, 2510
583, 6599, 7868, 8992, 167, 483, 4556
584, 697, 6956, 3231, 2186, 4280, 8090, 2019
585, 953, 1821, 1914, 2421, 3555, 2037, 2660
586, 4914, 5548, 7369, 3613, 4275, 8771
587, 9271, 9632, 9533, 3974, 4305, 4863, 9992
588, 1381, 1464, 2166, 2439, 5936
589, 2526, 4056, 5480, 5885, 3490
590, 4154, 9899, 7582, 5765, 5881, 5016, 8753, 1599, 1771, 2351
591, 4978, 6167, 7499, 7382, 8596
592, 9070, 6003, 7865, 7306, 2171
593, 6262, 9896, 3478, 5747, 5784, 6007, 6305
594, 7285, 7749, 6716, 8232, 7658, 7768, 7330
595, 7193, 5362, 9826
596, 7911, 8698, 9860, 3253, 4766, 5643, 1060
597, 8092, 8710, 2444, 342
598, 4292, 480, 1132, 2751, 1279, 4745
599, 4802, 5617, 3687, 4874, 1565, 2330, 885
600, 6111, 8545, 7843, 5763, 5066
601, 6190, 7960, 5642, 8573, 9148, 1181, 6326, 1147
602, 9307, 4401, 9841
603, 9675, 7479, 909, 4375, 355
604, 9011, 1035, 1113, 3447, 4215, 426
605, 9057, 6786, 8741, 5206, 1307, 1794, 1556, 512, 1251, 553
606, 9902, 9658, 5738, 6259, 1825, 1753, 5976, 1254, 4016
607, 6104, 6988, 2309, 3393, 6500, 3931, 8641, 2031
608, 8041, 4657
609, 5737, 8061, 4066, 4302, 5372, 8836, 4117, 6279, 7318, 5811, 8052, 1683, 1246
610, 7568, 6724, 9774, 7298, 9817, 2361, 5862
611, 4814, 8453, 3188
612, 7661, 8581, 2792, 4367, 9859, 8714
613, 6680, 4754, 9329, 6731
614, 7786, 2005, 2396, 9336
615, 9607, 2155, 5165, 5693, 3680, 9325
616, 6665, 9578, 9358, 4249, 4091, 6242, 1902, 8054, 1662
617, 7037, 9696, 4840, 6042, 2199, 2344, 2764, 3202, 2072, 6168, 6924, 1586
618, 7258, 5962, 9791, 5935, 6082, 7433
619, 7029, 6844, 4319, 1986, 2378, 2561, 8099
620, 8198, 9733, 2595, 2818, 3034, 3337
621, 5476, 5595, 8815, 9629, 3066, 2846, 2740
622, 4603, 5279, 3335, 5947, 8357, 4190
623, 5872, 6673, 7223, 8988, 5601, 7355, 3011, 7267
624, 6847, 5852, 8739, 4500, 914, 1814
625, 6802, 7969, 8343, 9920, 3412
626, 6805, 9778, 8328, 1474, 1690, 3216
627, 7442, 3652, 3147, 1173, 8448, 9196
628, 8528, 7914, 2380, 2513, 4237, 7071, 3312, 4123, 90
629, 3009, 3222, 5307, 4518, 7876, 9587, 108
630, 6738, 4544, 5621, 7816, 139, 191
631, 5847, 8835, 1522
632, 7689, 7390, 8142, 8115, 9276, 4774
633, 1969, 8925, 452
634, 2532, 7678, 1762, 3320, 227, 944, 964
635, 2738, 6045, 7938, 6828, 7256, 1987, 1006, 5644, 8245
636, 8520, 5043, 6736, 2022, 1561, 1089, 1156, 9314, 1444
637, 2040, 4505, 4833, 5794, 8633, 4530, 2540, 1172, 3153, 4830
638, 5536, 8681, 9120, 7438, 7629, 7254
639, 2866, 8588, 1866, 2485, 7461, 9429
640, 2354, 3881, 2829, 6109
641, 4369, 2548, 6300, 7510, 6481, 4592, 5541, 1482, 1828, 7188, 9851
642, 6759, 8388, 7147, 7084, 7501, 7730, 1578
643, 7837, 7484, 7299, 6632, 9299, 1581, 9098, 9582, 1642, 1804
644, 7573, 4678, 6189, 6092, 6, 599, 1176, 4408, 2290
645, 6356, 7, 204, 1735, 8, 9, 2092, 752, 2006
646, 4570, 254, 1004, 2793, 3183, 6709, 60, 427, 806, 1797
647, 6140, 3894, 1094, 1643, 2470, 3768, 1699, 2307, 807, 62, 143, 15
648, 8367, 6365, 25