1, 94945, 16754, 87700, 94761, 22622, 84551, 59014, 57851, 44675
2, 95675, 69842, 5967, 89257, 11569, 85762
3, 16343, 71589, 55404, 12668
4, 14110, 31101, 46994, 48199, 5224, 77726
5, 4967, 50495, 50914, 55862, 86301
6, 12905, 35826, 9024, 14673, 47989, 47486
7, 45642, 52136
8, 21226, 18849, 8720
9, 9054, 35170, 77932, 93779, 67797, 48436
10, 44421, 79460
11, 48222, 55701, 42364, 26405, 46066
12, 40270, 24625, 94560, 84366, 72534, 78580
13, 34576, 90100
14, 55904, 3012, 2418, 73016, 26987, 55703, 45421, 84512
15, 87969, 21715, 64515, 96120, 56573
16, 29769, 42922, 20239, 31822, 35945
17, 25608, 88051, 48495, 30491, 75818, 80462, 67329, 37410, 23568
18, 79180, 58111, 67240, 5703, 93764, 70177, 16769
19, 58277, 97747, 40521
20, 39298, 45013, 36884, 57813, 52207
21, 45134, 69757, 46137, 47826, 98534, 5638
22, 28557, 50159, 16320, 75328, 34009
23, 67909, 42068, 44061, 91131, 51227, 29351, 98184
24, 15483, 93054, 7247, 94150, 55713, 9991, 13536, 44869, 49684, 44246, 50282
25, 93930, 50015, 42916, 10593, 37114, 84317, 10572, 94203
26, 647, 46601, 88795, 82066, 19305
27, 64107, 76004, 8443
28, 73325, 70064, 10672, 1430, 18540, 51111, 55692, 1128, 6185
29, 70517, 52037, 7203, 34048, 87766, 11665
30, 86791, 67571, 92105, 41917, 85049, 19695, 90329, 87383
31, 48132, 90404, 84598, 97518
32, 14914, 24602, 78450, 14412, 30106, 84237
33, 38603, 10298, 63481, 42854, 65539, 28305, 55010, 52226
34, 32876, 59207, 68857
35, 50447, 78218, 64766, 32869
36, 63022, 3698, 588, 69932, 27023, 25560, 2256, 50815, 99191, 51705, 24779, 91979, 26696, 73790
37, 82359, 7607, 51848, 74705
38, 82439, 85521, 72346
39, 21167, 76120, 64249, 56782, 28892, 10144, 76979
40, 26312, 74380, 49472, 97205, 68012, 58127, 56707, 70624, 39403, 86187, 56400
41, 97237, 17186, 24594, 77005, 92384, 48547, 47757, 41183, 26675, 63918
42, 11080, 94372, 77974, 53330, 71358, 15522, 99610, 59251, 12336, 40538
43, 74445, 98750
44, 24450, 72101, 79216, 88163, 88385, 97954, 81298
45, 72394, 8451, 30847, 14935, 45156, 80529, 70, 65910
46, 14606, 79026, 44149, 81525, 5025, 81560, 16561, 98267
47, 51030, 65549, 32199, 90258, 3763, 57514, 49201, 37103
48, 60921, 85081
49, 39914, 53728, 76761, 23432, 64669, 25442
50, 90444, 48937, 42984, 75249, 58393, 19887, 62419
51, 62175, 40999, 25744, 42008, 69501, 57897, 54340, 43142
52, 36247, 69798, 42272, 87699, 12725, 94949, 73516, 98767
53, 24591, 51593
54, 17247, 62170, 24953
55, 92712, 66041, 34416, 74007, 81327, 32888
56, 30193, 36376, 59011, 99196, 50614
57, 32227, 48657, 47774, 30633, 29347, 92444, 79080, 91466
58, 59202, 3381, 46891, 7452, 54105, 69239, 69811, 59070
59, 64925, 53421, 23180, 96653, 82307, 5369, 46923, 51404
60, 91807, 49282, 83828, 31024, 52273, 88746, 6133, 43355, 64236
61, 30667, 35931, 94683, 56432
62, 19401, 29120, 84318, 60191
63, 88915, 20928, 2679, 13947, 80140, 68571, 35756
64, 75129, 44678, 21318, 7162
65, 95929, 78017, 32626, 49982
66, 82687, 69284, 78119, 19686, 16817, 22633, 84046
67, 39249, 80874, 33436, 37810, 97423, 60493, 5619
68, 90419, 21695, 7373, 37669, 54544, 90159, 59033, 37573
69, 22886, 54205, 90400, 1813
70, 87189, 52099, 66836, 39335, 98651, 2519, 73615, 36536, 36126, 18517, 90394
71, 5791, 72938, 79170, 79703, 6113
72, 77427, 42772, 55907, 87041
73, 11625, 47410, 86135, 68235, 370, 2462, 37714, 71244
74, 48185, 67828, 98242, 96928, 52, 12174, 75927, 72199, 54355, 86176, 97163, 98069, 90885
75, 76930, 92304, 81612
76, 93984, 39974, 13082, 47463, 54429, 43465, 21168
77, 9150, 62680, 98317, 75388, 47820, 32008, 74157
78, 68201, 716, 5400, 7264
79, 51448, 89699, 83152, 72594, 825
80, 24847, 44901, 66890
81, 85416, 51780
82, 53381, 51502, 31315, 64944, 85325, 12766
83, 28194, 89599, 10641, 80409, 45684, 68084, 65407, 32865, 51862, 97663, 45775
84, 57336, 72329, 45633, 76399, 85905, 54346, 47938
85, 88998, 48833, 49331
86, 87097, 8065, 79433, 53696, 53166, 41523
87, 48200, 30425, 21404, 91596, 95360, 2743, 23014, 29836, 91525
88, 3832, 96331, 76006
89, 68123, 39741, 19840, 63626, 14743, 52850, 39681, 38150, 1731
90, 84980, 13391, 80437, 26338, 83721, 5764, 82768, 7237, 9473, 30642, 90818, 35751
91, 70122, 51328, 44345, 45367, 80806, 84078
92, 81441, 43049, 60425, 90287, 93137, 44248, 41467
93, 51529, 942, 74266, 49597, 55929
94, 80091, 45713, 56474, 15269, 8459, 75991
95, 6318, 40242, 45419, 83416, 86310, 77141, 91415, 19617, 3340
96, 35844, 65819, 1913, 39177, 56628, 27027, 17157, 43147, 97283, 14246, 8461, 231
97, 18395, 9699, 18899, 56022, 21713, 44223, 98524, 37108
98, 56235, 83951, 73702, 86284, 77053
99, 59129, 34114, 6448, 37303, 97265, 83582, 85310, 23688, 71231
100, 37826, 36958, 3027, 63135, 27089, 43184, 40371, 3809, 31944, 21664
101, 81919, 1124, 94375, 60558, 51940, 22625, 55045, 89037, 110
102, 98902, 7290, 48290, 37044, 18309, 27638
103, 18983, 64349, 98605, 83756, 38978, 11985, 90427, 15671, 56382
104, 2914, 71109, 5170, 71729, 37760, 34004, 56089, 99687, 7966
105, 68700, 18642, 18029, 21128, 44527, 35445, 24638, 89163, 5330, 11978, 55588, 73900, 95621
106, 99373, 36624, 9443, 77445, 26914, 90758, 15504
107, 34680, 748, 37804, 81286, 46325, 18970, 71605, 83606, 97150, 23659
108, 49425, 75411, 78940, 43618, 72174, 64073, 82836, 20821, 57241, 24198, 41839, 47570
109, 24782, 34939, 17838, 92541, 34615, 68074, 38332, 82884
110, 34557, 25868, 12924, 49161, 90844, 64612
111, 29667, 75684, 52730, 70268, 47626, 14018, 97685, 97185, 65113, 59667
112, 91236, 95384, 89975
113, 24774, 70679, 85414, 31733, 69767, 59762
114, 42762, 78561
115, 50252, 90940, 44770, 21598, 28963, 65538, 70520
116, 23250, 32468, 99840, 25439, 98804
117, 38676, 34705, 19831, 52377, 6236, 84040
118, 20525, 94308, 36378, 7475, 54287
119, 73303, 54730, 85313, 65718, 38148, 68288
120, 92972, 64035, 14315, 25680, 6466, 76508, 26851
121, 45372, 59567
122, 87213, 50782, 82182, 73310, 79909, 88190
123, 66051, 20765, 16634
124, 41634, 15701, 7302, 71898
125, 79321, 25254, 44148, 32050
126, 22976, 34779, 87394, 22591, 30753, 68924, 55905
127, 30270, 29253, 25292, 44327, 86616
128, 8532, 14382, 36912
129, 51195, 70221, 29694, 38382
130, 83425, 18945, 35127, 30976, 53288, 89479, 40327, 87902, 1848
131, 41883, 39908, 22882, 82674, 70510, 22495, 36406, 68294, 5636, 67523, 9226, 15058, 90641
132, 71948, 18382, 61599, 91228, 56077, 45635
133, 19108, 15703, 53186, 26028
134, 58360, 33282, 86174, 77471, 38262
135, 32594, 84741, 81299, 61482, 5608, 44082, 67977
136, 98989, 89041, 2043, 88317, 65150, 66555, 46545
137, 80700, 58873, 99263, 90302, 36191, 21767, 60675, 47950, 14201
138, 38600, 44640, 89174, 76955, 29619, 22641
139, 24205, 46259, 12643, 67092, 52823, 67451
140, 71476, 97021, 34374, 28731
141, 44390, 81296, 86453, 79160, 57817
142, 9178, 29424, 79103, 78158, 1736, 64312, 4548, 91790
143, 91584, 77692, 1054, 62398, 4605, 73447
144, 82152, 6740, 24797, 26230, 83192, 15000, 63881
145, 95033, 73745, 84662, 61524, 39395
146, 74010, 61353, 18426, 66370, 12883, 59177, 7853
147, 38572, 92470, 55865, 32241
148, 27597, 46661, 65167
149, 50726, 52840, 80794, 352, 28322, 11065, 39199
150, 64020, 24252, 86749, 78268, 67149, 8167, 58480, 95336, 35103
151, 20473, 36201, 30555, 22549
152, 81523, 75080, 34592, 89300
153, 65007, 13639, 87953, 60079
154, 87586, 85139, 9375, 11077, 27284, 16705, 97493
155, 70208, 55105, 72177, 99016, 56794, 26325, 4053, 29699
156, 3701, 55618, 17149, 74896, 65291
157, 91970, 368, 47796, 97974, 66474
158, 98940, 70408, 95638, 9354, 11604, 35384
159, 36153, 9113, 73258, 71838
160, 87406, 16991, 99744, 98929, 79503, 9003
161, 51274, 38546, 52221
162, 3580, 19289, 49937
163, 97948, 96834
164, 14064, 74891
165, 51200, 68026, 75705, 55394, 53430, 11918, 63995, 1403
166, 80821, 99333, 52685, 79834, 13285, 53904
167, 81438, 58793, 86592, 53308, 77158, 95518
168, 7074, 46637, 54999, 29802, 79363, 39357
169, 24508, 79675, 61316, 92841, 3471, 58826, 5514
170, 76573, 34555, 55522, 62045, 3473, 37571, 83452
171, 33991, 91017, 77765
172, 28204, 24892, 32911, 66357, 88965, 55953, 43775, 42088, 95551, 19438
173, 40343, 35185, 67833
174, 12748, 19117, 23639, 75726, 27892
175, 84399, 33909, 49621, 20569
176, 86974, 95652, 21704, 90602, 54371, 50864, 73561, 75101, 14835, 89101
177, 8478, 48942, 39477, 77952
178, 16160, 33407, 60393, 3275
179, 54227, 85633, 58182, 17949, 90861, 91230, 20337, 24956, 10679
180, 93772, 49986, 3452, 74542, 53085, 53732, 58420
181, 3836, 6590, 12007, 24305
182, 34541, 42106, 85267, 70723, 11616, 22779, 10351
183, 54333, 22846, 57079, 69265, 36145, 55938, 48286
184, 77910, 58247, 911, 49916, 82422, 73795
185, 99300, 76512, 30934, 58783
186, 93033, 81377, 58199, 60539
187, 55161, 54760, 34834, 33712, 81522
188, 56398, 98956, 95154, 82941, 20094, 20025, 54327, 17950, 89267
189, 30346, 85853, 46385, 90813, 15053, 59429, 72995
190, 2673, 75022, 38663
191, 36669, 59930, 41974, 1859
192, 64578, 24133, 93302, 65004, 17514
193, 7016, 34787, 48896, 32732
194, 4337, 26868, 89907, 14258, 19410, 90855, 33633, 13829
195, 82580, 44532, 22124, 6484, 36999, 33426, 83596, 58543
196, 61041, 45819, 46620, 57234, 98114, 32373, 3730, 43287, 82237
197, 81020, 24207, 80118, 58381, 35832, 84514, 69701, 35073, 65599
198, 60711, 78032, 98752, 16038, 87875, 60732, 4374, 62143
199, 36437, 75899
200, 55085, 12562, 41292, 56005, 75981, 38048, 17065
201, 95219, 81388, 70766, 94955, 64583, 4077, 18972
202, 70792, 85160, 84838, 17952
203, 28854, 53054, 23350, 2631, 42601, 30781, 74075, 52772
204, 20496, 28615, 50697, 85695, 78084, 4127, 42784, 97582
205, 2383, 98871, 35149, 444
206, 32477, 38325, 53948, 94603, 59740, 23402, 77100
207, 97135, 40779
208, 56667, 96726, 24567, 97333
209, 63840, 85213, 85747, 72616, 63487, 74908, 89794, 50956, 46499
210, 77115, 57883, 70808, 5533
211, 77302, 72925, 20412, 7259
212, 99722, 1087
213, 25429, 74398, 48504, 7289
214, 37347, 61644, 44864, 31052, 51366, 36862, 86027
215, 50711, 14313, 87554, 75739, 79512, 72063, 94376, 3260, 36174
216, 93611, 88100, 3241, 79109, 84133, 75039, 49246, 78368, 26804, 55789, 44668
217, 54422, 34174, 17726, 3161, 40220
218, 51429, 33209, 88046, 22060, 52970, 47845, 16369, 13647
219, 91597, 50048, 16569, 25218, 40374, 19330, 37380
220, 91430, 99107, 26982, 6169, 70572, 63966, 30503
221, 54542, 54625, 88758, 53994, 77878, 97111, 90147, 80190, 84685, 64527, 98017, 25618
222, 18219, 89802, 75274, 79631, 82185, 65084, 3826, 20352
223, 70831, 41174, 23027, 29101, 54514
224, 74536, 68800, 43101, 85574, 189
225, 87949, 21399, 34495, 48152, 89029, 22653, 85605, 61098, 68237, 53695, 90935
226, 43254, 59451, 91413, 59785, 31843
227, 76237, 91478, 53127, 99381, 76029, 66714, 60185, 11023
228, 12043, 36614, 20845, 90516, 14280, 36702, 94101, 34893, 40884, 36484, 49151, 28841
229, 69451, 18672, 10871, 29885
230, 20568, 48243, 57751
231, 63641, 49132, 86884, 37721
232, 96164, 20356, 65249, 98354, 48178
233, 59707, 33356, 30761, 67837, 41955, 42221
234, 44047, 41256, 94026, 34806, 16702, 56844, 40473
235, 94022, 52735, 478, 88330, 30944, 2787, 49319
236, 72257, 46, 1742, 51980, 12351, 93888, 14698, 86575, 89720
237, 71402, 26824, 61542, 32301, 9453, 82067
238, 11204, 22747
239, 87251, 75629, 99420, 62291, 84894, 98617
240, 44375, 52227, 27667, 54879, 30128, 5517
241, 77590, 41251, 40474, 16925, 18477, 5914, 3287
242, 28027, 99675, 49259, 63806, 32577, 89766, 71954, 39676, 35948, 65294
243, 72407, 74787
244, 84509, 81634, 5901
245, 27832, 16829, 40434, 20070
246, 99368, 72839, 82348, 93391, 98266, 29121, 99256, 33161, 76143
247, 3840, 42067, 47881, 94515
248, 84771, 34574, 64724, 39133, 76593, 71348
249, 1773, 80063, 92056
250, 89457, 67940, 70151, 97267, 84663, 42354, 95972, 4919
251, 71516, 80683, 81991, 1495, 38614, 53471
252, 61683, 73992, 21090, 70003, 94880, 44424, 7467, 97384, 19496, 958, 19135, 96843, 16721, 64252, 12765, 48770
253, 77738, 72129, 64357, 25309, 53534, 6244, 98717, 30649
254, 67941, 87759, 53415, 96918, 95259, 67661, 54524, 80713, 63781, 95141
255, 90947, 53585, 98726, 66013, 65330, 12537
256, 12070, 86408, 10792, 30137, 10854, 55913, 760
257, 18576, 6038, 31333, 27336, 50539, 10881, 14611, 89201
258, 97279, 92512, 25566
259, 42320, 17425, 77578, 25259, 72485, 93331, 12575
260, 21519, 32936, 90819, 15185, 80859, 98604, 38375, 52991, 28339, 15642, 90798, 90448, 44515
261, 83868, 35126, 70016, 83258, 64126, 93220, 66935
262, 95642, 32083, 87764, 33307, 62951, 25198, 36177
263, 9295, 28180, 13048, 86195, 50246, 25850, 67759, 65832, 24172, 66321, 57849
264, 68209, 73806, 18622, 83526, 75993, 35809, 87543, 25972
265, 87458, 40239, 8758, 92618, 60653, 16670
266, 77320, 62019, 1283, 64199, 41907
267, 88515, 6134, 62411, 6572, 45646, 72363, 75071
268, 86635, 33104, 7872, 95790, 49212, 91933, 56096, 19235
269, 23701, 40266, 35655, 42506, 94780, 19442, 27930
270, 34340, 24913, 15589, 60031, 15698
271, 94946, 9268, 13405, 11417, 62348, 59883, 86277, 65207, 62394
272, 32312, 33086, 22965, 29991, 99056, 61985, 27390
273, 97299, 41247, 91539, 5665, 10860
274, 39817, 92588, 32878, 69034, 52686
275, 62105, 24027, 89497
276, 56670, 68170, 45644, 70656, 7701, 92443, 84377
277, 38634, 67287, 58908, 68750, 32818, 49063, 70280
278, 30782, 77600, 16612, 59556, 88536, 82329, 77437, 34220
279, 29239, 13281, 19398, 69311, 2160, 8260
280, 95506, 29449, 77171
281, 92491, 707, 4220, 51099, 65561
282, 15982, 9946, 2483, 98783, 99140, 68144, 49416, 54289
283, 71419, 69442, 12287, 18979
284, 52304, 88403, 81651, 99470, 78831, 52130, 86211, 59546
285, 28812, 27040, 39427, 82635, 65098
286, 14482, 92473, 23437, 94156, 12631, 26078
287, 17999, 53021, 29693, 47186, 45271, 17344
288, 47940, 65653, 49809, 99932
289, 88400, 47084, 93926, 76224, 50561, 36096
290, 6694, 47681, 5081, 30557, 62597, 47748, 57520, 85802, 65684, 90186
291, 69183, 78529, 16833, 25086
292, 79029, 29333, 51001, 10972
293, 64655, 95476, 59645, 98323, 35248, 7067, 6138
294, 13073, 65872, 10143, 86700, 57266, 19228
295, 51577, 90536, 78417, 44587, 81007, 79841, 81562
296, 92323, 83783, 33819, 84889, 80255, 65258, 89141, 58254, 63704
297, 93444, 53869, 87587, 35087, 96483, 39629
298, 78337, 92711, 72047, 11497, 27868, 79168
299, 43713, 50025, 10996, 1679, 83260, 62229, 80135, 42971, 1183, 60486
300, 56072, 21328, 84850, 85004, 86763
301, 19915, 64142, 99282, 18083, 66129
302, 77126, 41863, 97013, 23365, 65780, 70051, 55989, 94400, 54063
303, 92590, 31010, 98063
304, 97787, 28915, 77272, 2802, 16556, 3736, 96561, 76730, 98969, 43765
305, 38639, 78403, 66380
306, 36668, 47192, 2647
307, 8691, 8233, 40650, 31654, 45892, 40318, 86019
308, 25316, 94822, 9074, 57492, 90172, 98464
309, 42862, 3945, 72252, 63290, 64670
310, 69761, 8876, 80108
311, 53317, 29011, 4718, 23486, 80869
312, 99595, 5111, 84955, 55011, 90082, 17749, 49705
313, 86729, 12197, 89210, 45141, 38576, 567, 76396, 19645, 8012, 54646
314, 98174, 94201, 14093, 83481
315, 75974, 98250, 23883, 71489
316, 30211, 91855, 32684, 37797
317, 99222, 24149, 53761, 58000, 50480
318, 17823, 21581, 1331, 84671, 84434, 32939, 49810, 10085
319, 87382, 51260, 5549, 26168, 82190, 29366, 11943, 5711, 42509
320, 56076, 1634, 56841, 9854, 39981, 89561, 60734, 41696, 81825, 4679, 22433, 49500
321, 6431, 67420, 98796, 65035, 86078, 60689, 10655, 66434
322, 41383, 69521, 49587, 51304, 21805, 96473, 89139
323, 45093, 83503, 34045, 24880, 29683, 42910
324, 67390, 76643, 89051, 43962, 75538
325, 15721, 59512, 65394, 26426, 58992, 64547, 10079, 93127, 89336, 25919, 91112
326, 45807, 29, 38409, 69385
327, 68411, 52768, 89166, 29386, 43135, 55138, 44113, 45342
328, 8298, 34970, 67009, 79394
329, 45768, 30969, 51637, 93942, 724, 94843, 73832, 76697
330, 83306, 79013, 74438, 30791, 63463, 33956, 65181, 49339, 20396, 10426, 65179
331, 55013, 39285, 15603, 34755, 24084, 26532, 42462, 24938, 32573
332, 46491, 71322, 18811, 14297, 38123
333, 59922, 465, 59295, 10106, 36823, 73815, 57306
334, 81624, 37315, 82208, 66148
335, 5553, 84276, 28065, 49172
336, 58704, 50786, 12404
337, 51888, 20601, 77148, 28228
338, 42453, 62529
339, 92850, 74155, 41738
340, 85462, 54669, 63297, 80571, 11862, 93114, 39123
341, 79598, 32007, 59079, 21464, 14653, 31848, 24601, 38809, 13744, 58478
342, 43481, 63195, 25938, 97230, 13487, 6068, 8284, 6188, 61056, 30213
343, 72625, 45254, 62205, 39110, 94506
344, 13921, 48667, 80560, 41969, 94520
345, 67489, 22534, 26983, 45029, 78535
346, 35020, 13515, 19140, 40479, 46442, 51673
347, 96261, 21716, 15537, 63129
348, 77052, 88347, 84381
349, 37626, 66813, 46548, 25151, 65663, 77192, 57282, 70660
350, 31146, 49076, 37650, 28225, 69681, 29858, 35160, 20314, 55685
351, 38934, 15591, 87348, 65811, 82655, 78238, 86165, 80705, 58614
352, 9105, 26270, 83530, 15615, 4791, 5201
353, 12615, 19749, 19478
354, 84025, 30734, 68980, 71118, 48382, 11988, 24425, 89988, 87603, 48311
355, 14149, 91509, 94424, 98801
356, 42500, 8938, 53839, 90570
357, 37473, 15006, 36993, 80599, 54120, 20651, 67921, 99547
358, 29461, 70872, 48745
359, 70852, 18749
360, 46502, 74804, 71852, 9499
361, 34274, 33518, 48828, 5587, 4990, 59081, 33087, 81024, 51887, 22568, 63307
362, 68792, 57557, 95475, 18311, 66388, 36724, 18700, 29894, 72516, 26441, 40851
363, 19437, 84248, 4427, 35718
364, 50118, 45816, 68664, 85804, 95299
365, 48789, 68008, 63383
366, 78430, 34418, 15950
367, 44319, 17868, 80310, 74504, 90826
368, 59937, 53752, 42044
369, 27440, 44760, 24126
370, 77722, 23332, 15095, 25947, 95791, 56500, 39365, 42122, 73687
371, 73245, 82693, 7548, 92224, 59452
372, 29040, 18621, 31765, 28517, 84410, 44336
373, 23640, 73920, 96560, 27201, 9557
374, 80921, 1245, 82000
375, 59769, 37420, 5284, 23563, 14891, 10636, 19399, 6854, 51962, 57416, 91290, 30221, 47927
376, 71733, 40482, 7923, 68472, 91827
377, 96016, 5408, 99304, 11359, 41518, 62283
378, 57494, 41195, 41480, 50888
379, 2786, 59839, 14392, 87201, 90357, 73366
380, 61894, 77830, 44776, 62172, 27183, 61698, 86130, 98319, 80364
381, 83623, 24915, 64084, 46829, 35276, 61383, 3761, 44231
382, 16468, 35498, 12570, 55677, 63532, 61540
383, 23773, 96833, 88665, 28359, 61253, 24703, 35151
384, 95063, 47384, 25426, 69145
385, 42795, 81839, 78227, 19333, 57361, 66022, 40140, 24634
386, 94314, 29959, 38451, 84908
387, 5343, 76541, 21789, 7915, 25132, 55371
388, 60697, 49355, 6053, 71883, 58397, 84564, 52837, 37162, 9316
389, 21456, 97962, 25758, 58964, 69464, 18896, 68846
390, 52529, 77271, 58106, 12362, 89749, 30909, 19935, 69543, 48555, 74315
391, 75482, 5338, 43457, 94463, 40666, 73684
392, 80665, 60108, 33353, 58285, 20904
393, 51565, 41439, 36095, 24062, 99071, 56186, 42983, 61199
394, 86706, 44848, 51185, 83897, 97315, 91344, 13774, 79358, 62752
395, 23511, 37872, 37917, 87134
396, 66526, 21471, 112, 8396, 94735, 3467, 81194, 56538, 68081
397, 82534, 1920, 84322, 84837
398, 91455, 29559, 51237, 73265, 83096, 23384, 5309, 64738, 85694, 97372, 96106, 66710, 56090, 47422
399, 80429, 88281, 80846, 44591, 34563, 34411, 10867, 66033, 77187, 27796
400, 38508, 43494, 84625, 62669, 61543, 57973, 38061, 84826, 71208
401, 41149, 29321, 247, 26637, 30152, 23338, 57532
402, 87509, 32763, 77749, 41401
403, 30728, 84824, 78240, 82947
404, 42, 45288, 44481, 34667, 39790, 33349, 66244, 67923
405, 1075, 50636, 6760, 54202, 61223, 90474, 55125
406, 59256, 12676, 239, 54911, 71163, 9785, 40704, 51470, 50055, 30094
407, 97350, 19703, 19264, 23063, 52376
408, 19536, 308, 78029, 43382, 85217, 73322, 95312
409, 11089, 14959, 80735, 87848, 4853, 20027, 83896, 14626, 51801, 75966
410, 61321, 25082, 86869, 65775, 70555, 72921, 67512
411, 35357, 69140, 20128, 59731, 35859, 99262, 41424
412, 12569, 9637, 99966, 87616, 23345
413, 56467, 81589, 44677
414, 60594, 93081, 36653, 66116, 3933, 66755, 62846
415, 61273, 22606, 74325, 43211, 61847, 18771, 11073, 94006, 55754
416, 42503, 48164, 78300, 87791, 79782, 69625
417, 46431, 80166, 74838, 16737, 65465, 31084
418, 98277, 5472, 15799, 20885, 71641
419, 7207, 96647, 20521, 41926
420, 37354, 27194, 19522, 74968, 26370, 56828, 5916
421, 541, 65486, 11272, 95210, 45898, 86077, 88175
422, 79044, 60319, 82896, 38400, 6911, 92023, 92635, 85898
423, 44910, 36306, 6272, 57041, 78357, 92445, 37751
424, 46044, 14491, 97684, 84249, 55406, 78623, 41703, 61521, 11055, 48004
425, 44382, 45079, 10193
426, 26950, 28729, 35875, 86495, 59113, 56278
427, 22321, 35846, 76459, 74560, 44275
428, 49667, 45947, 96946
429, 53928, 2209, 82297, 17087, 45902, 67405
430, 41700, 21382, 3224
431, 78553, 60256, 64158, 95842, 53766
432, 52654, 26150, 48601, 63311, 70939, 85566, 63919, 30648, 94290, 21522, 8102
433, 32657, 81051, 97091, 55249, 96044
434, 50673, 76246, 99857, 53508
435, 16966, 40972, 99230, 19939, 70037, 39417
436, 877, 14030, 52274, 72039, 51184, 71882, 94860
437, 29474, 81592, 67628, 53261, 4455, 42164
438, 21652, 76068, 13228
439, 56286, 90285, 6570
440, 69641, 7588, 29238, 25087, 97784, 14424, 45347, 45020, 92956
441, 1640, 41407
442, 82375, 38842, 45544, 8037
443, 73533, 44874, 22282, 47832
444, 42681, 80017, 96752, 12091, 5211, 63829, 98772
445, 24983, 193, 31326, 52066, 39779
446, 85927, 7329, 57181, 27411, 61518, 57604, 34021, 41042, 40377, 95111
447, 27839, 83221, 26942
448, 46433, 17892, 54837, 7927, 91136, 39785, 5910, 57548, 7159, 20467, 64959, 11993, 78228, 2754, 5409, 43778, 93577, 27741, 20526
449, 94212, 51844, 65897, 22440, 56876, 53557, 57491, 39218
450, 39669, 29672, 98391, 56093, 44019, 92275, 44304
451, 29578, 99043, 20683, 56744, 18803, 70480, 23966
452, 53431, 37074, 57974, 79765, 43092
453, 72422, 16413, 36708, 65005
454, 8481, 28071, 30269, 18102, 40853, 12735
455, 91553, 83078, 5590, 94215
456, 37664, 89133, 75873, 85631, 76566, 23002, 61045
457, 76953, 82684, 45217, 26455
458, 20447, 86038, 21508, 59060
459, 47383, 52100, 20277, 40471, 37497, 84925, 58512
460, 59713, 17595, 71728, 45834, 20225, 98227
461, 88090, 31488, 1382, 37460, 20298, 24453
462, 94772, 71335, 93978, 31719, 66384, 60799, 12705, 3364
463, 61673, 48230, 14552, 2943, 94113, 8188, 59184, 78003, 59201, 39364, 12395, 38483
464, 36092, 67634, 91233, 63798, 82533, 16542
465, 18111, 47337, 71431
466, 55802, 44041, 96875, 68186, 8553, 64320, 98683
467, 83128, 27559, 86339
468, 70750, 45951, 39635, 53867, 62700
469, 50745, 34217, 97221
470, 92207, 23990, 16499, 38829, 20910, 93280, 57196, 41497
471, 54088, 91141, 91924, 53321, 49499, 38475
472, 15443, 10096, 18098, 47894, 50694, 2859, 31837, 36182, 39237
473, 96586, 93004, 60862, 59581, 69910
474, 65266, 4847, 67096, 8149, 77783, 88976, 50503
475, 63519, 57147, 19269, 88371
476, 56325, 80643, 71958, 30219, 57304
477, 41932, 73100, 57814, 99771, 37191, 75024
478, 80570, 84998
479, 14447, 43968, 76819, 2366, 50945, 52913, 72171, 91712, 31514
480, 21111, 32639, 71887
481, 32093, 67976, 86274, 456, 26705
482, 41359, 91310, 18218
483, 73859, 17821, 81954, 43417, 21401, 93309, 17918, 65375, 19599
484, 49520, 40381, 20422, 3960, 88585, 93878, 19131, 45286, 28002
485, 61132, 53840, 60603, 45263, 56420, 80098, 65316, 82077
486, 59009, 99794, 98312, 32428, 12128, 38492, 5539, 8111, 60633
487, 64, 3410, 75474, 93776, 36911, 31808, 4432
488, 22177, 79356, 89545, 29382, 95258, 67353, 35119, 6850
489, 68956, 18438, 88490, 99458, 24600, 87931
490, 72946, 8842, 46761, 41765, 94353, 2198, 67295, 14418, 59068
491, 86396, 17089, 16425, 44240, 24990, 89514
492, 60822, 34089, 5186, 62728
493, 81501, 36449, 11980, 23998, 12821, 46626, 1335, 33861
494, 15260, 16694, 80354, 44546, 43825, 96655
495, 36470, 27155, 82283, 40807, 20882, 64135
496, 3045, 7046, 96130, 22385, 62076
497, 37972, 54953, 33414, 57884, 17504, 41447
498, 32205, 40228
499, 72061, 81219, 16359, 70165
500, 82326, 81000, 19397, 8423, 20617, 44471, 50624
501, 76330, 98106, 17458, 18047, 36917, 76393
502, 84792, 66071, 81235
503, 27218, 75946, 86357, 14459, 46070, 4265, 34212, 10179
504, 94391, 39518
505, 50578, 6971, 43708, 14855
506, 34198, 58302, 89627, 23483, 36773, 14208, 23371, 87180
507, 89477, 84060, 61665, 12639
508, 13812, 3921, 27675, 32899, 59148, 26635, 47590, 29911
509, 10163, 77164, 38617, 65185, 53334, 76553, 87368
510, 68032, 64011, 99908, 98224
511, 79194, 79499, 35176
512, 90033, 21655, 59472, 50695, 65797
513, 29061, 73015, 24024, 10590, 47511
514, 96145, 2479, 66103, 3265
515, 40074, 69332, 30130, 76789
516, 86786, 98595, 46242, 23919, 79230, 81594
517, 89884, 37375, 65188, 33680
518, 57298, 23333, 34287, 90423, 48764, 71045
519, 21244, 21927, 73385, 4549, 31447, 28648, 84283, 21334, 64718
520, 74366, 34652, 49906, 56196, 3371, 27670
521, 28052, 41386, 47249, 10600, 97077, 53763, 79500, 3561, 54156, 66959
522, 22781, 40430, 66307, 62163, 30558, 20931, 30608
523, 74492, 71192, 15517, 54331, 59243
524, 17366, 94445, 6920, 17565, 45578, 14479, 98437
525, 12989, 36974
526, 37532, 28132, 88632, 94802, 30762, 27511, 53465, 85990
527, 73492, 15200, 49485, 1647, 50973, 46839, 5582, 38800
528, 27728, 77864, 82196, 83438
529, 47405, 88560, 69406, 76886, 68015, 59217, 67891, 30572, 50158, 47378, 39210
530, 70009, 88153, 9609, 78871, 95315, 20534, 94306, 26501, 5966, 67814, 54599
531, 19537, 96652, 78839
532, 2677, 84960, 64776, 46833, 70052, 31984
533, 35493, 66794, 67528, 26105, 1096, 40977, 43749, 23135, 13060, 16050, 96458, 96449, 85256
534, 90759, 32110, 76239
535, 51591, 59421, 9836, 95808, 95294, 21185, 20950, 2530
536, 96527, 60733, 20874, 46072, 84125, 59953, 11838, 364, 29163
537, 47201, 34668
538, 5000, 93757, 49163, 17054, 7732, 57949, 35039, 33114, 79867
539, 55523, 48740, 28096, 52070, 59957, 30250
540, 89144, 8811
541, 14376, 413, 89787, 3781
542, 27881, 91972, 78377, 91796, 50641, 1538, 70033, 13657, 69999
543, 36789, 49441, 39293, 69400, 84425, 73491, 96005
544, 47699, 40173, 44242, 9645
545, 81086, 8688, 3457
546, 50825, 15674, 86163, 50657, 61471, 649, 51043, 48922, 9985
547, 91837, 8647, 298, 5257, 76650
548, 32268, 96498
549, 91218, 43269, 87662, 39087, 36121, 22020, 10989, 31074
550, 82924, 74029, 27778, 61811, 23586, 3805
551, 61268, 53215, 95550, 45599, 96769, 11776
552, 2782, 72691, 81420, 97038
553, 36535, 59744, 86415, 72975, 56348, 50291, 72710
554, 98362, 59018, 34994
555, 54201, 66497
556, 73704, 1103, 12561, 99600, 23336
557, 40378, 99538, 44426, 63430, 18828, 96
558, 90830, 68775, 97022, 86697, 83559, 77507, 14009, 658, 24657
559, 46992, 57640, 17556, 98542
560, 46881, 144
561, 81600, 64939, 4861, 35543, 75286, 69509, 97072, 3634
562, 62702, 38093, 1601, 69966, 27715, 51955
563, 96413, 67702, 75642, 44418, 40749, 37949, 62179, 46473, 42776, 22216, 69059, 4531, 803, 97200
564, 71830, 95459, 40078
565, 62774, 77520, 35902, 83131, 76344, 31473, 82003, 2768, 22538
566, 60149, 86521, 21590
567, 35183, 65509, 55082, 31963, 39399, 35431, 83755, 3919, 64434, 88534
568, 34333, 38335, 37342, 76089, 40612, 28776
569, 39422, 94848, 88871, 13826
570, 43552, 4954, 86715, 57864
571, 37298, 56440, 79728, 55154, 54275
572, 60899, 22775, 4052, 87191
573, 31125, 4610, 82916, 99915, 73414, 23782
574, 33149, 36767, 76266, 43337, 89775, 93775, 88140, 20958, 22026, 72166
575, 89285, 26063, 27551, 65478, 45381, 22137, 51389, 53152
576, 25981, 33865, 7605, 37574, 74964, 39985, 7585
577, 39080, 46819
578, 36350, 87777, 14979, 85018, 35091
579, 80527, 91971, 28431, 77985, 33697, 68612, 12965
580, 36220, 14558
581, 50540, 33552, 82879, 96421, 50720, 82198, 31376
582, 53253, 46888, 95325, 62041, 73881, 81662
583, 55418, 67363, 66887, 68961, 98531, 54827
584, 61464, 20429, 29521, 1779, 42124, 45701
585, 77428, 76055, 35530, 90399, 43574, 52819, 93311, 94410
586, 63424, 1983, 63876, 82885, 31871, 74213, 98645, 8764, 70483
587, 80036, 87085, 43666
588, 56783, 36768, 48792, 22036, 17410
589, 30402, 24091, 91472, 86547, 41039, 31106
590, 55992, 4364, 53846
591, 1154, 91248, 41776, 79042, 37258, 4943, 87569, 10485
592, 26896, 87786, 92203, 48705, 11451, 3908, 27328, 10034, 36237, 45641
593, 71177, 46034, 38504, 29342, 96935
594, 89660, 43388, 34185, 73531, 63171, 35165, 13839, 85031, 54695
595, 13794, 58400, 37391, 72833, 48168, 63410, 52500, 23789
596, 34733, 23887, 42375, 54670, 28581
597, 2812, 18702, 50487, 82950
598, 56898, 58670, 71321, 59133, 58974
599, 97416, 47689, 69150, 72974, 35574
600, 56415, 19128, 19550, 99786
601, 9558, 59511, 49539, 58118, 21931, 39958, 39893, 529, 25544, 46825, 2389
602, 2138, 30510, 96121, 68667, 30904, 68402, 44463
603, 75809, 82337, 33439, 9181, 69291
604, 46889, 90996, 4779
605, 10566, 73972, 32666, 98165, 31100, 89291
606, 53447, 85454, 15911, 86642, 28830, 94971, 63684
607, 65515, 54515, 42104, 69706, 53338, 30779, 9521
608, 18449, 70509, 56078, 16515, 87145, 4150, 99628, 29962, 59342, 23152, 79155
609, 4385, 61607, 63753, 38732
610, 52113, 40120, 668, 10105, 30026
611, 50133, 71197, 76851, 17066, 77622, 36832, 49541
612, 29767, 1250, 96400, 31370, 21478, 16953
613, 40418, 63049, 31939, 32595, 73848
614, 19363, 23248, 68367, 63969, 33851, 8044, 56520, 48390
615, 67716, 35457, 6950, 71391, 48368, 3582
616, 47794, 10981, 89228, 57939, 53267, 23047, 93795, 60958
617, 96317, 54352, 490
618, 31998, 92047, 24709, 55824, 70498, 85017
619, 45697, 31749, 4015, 5203, 3450, 2940, 65243, 41446, 57909, 90304
620, 89964, 87455, 3991, 3700, 13097, 29696, 74525, 71556
621, 947, 48959, 96626, 2480
622, 21210, 97090, 62085, 47536, 1747
623, 45967, 42337, 80079, 5733, 88608
624, 98182, 75032, 12239
625, 78033, 7993, 18234, 6592, 87675, 43066, 40609
626, 39325, 22363, 36450, 28631
627, 82973, 68909, 19747, 89844, 31946, 63763, 92112, 81509
628, 1881, 49878, 27452, 40973
629, 44090, 83194, 2149, 68584, 99787, 2822, 35080
630, 49411, 29704, 80277, 15130, 33188, 70941, 1777
631, 57035, 15428, 1159
632, 91398, 72445, 56185, 30999, 81277
633, 68917, 29480, 88099, 73967
634, 25281, 84995, 70493, 32918, 46293, 72659, 99294, 69882, 15734, 31275
635, 50805, 40926, 90333, 86542, 54240, 29822
636, 48157, 81739, 46438, 58983, 94490, 81710
637, 79933, 50672, 90689, 73858, 50135, 33907, 47090, 16029, 89499, 68458
638, 90149, 27519, 30948, 24755
639, 70562, 48945, 44743, 25041, 79204, 31874
640, 55110, 73962, 78821, 69042, 68491, 53577, 14202
641, 59120, 30204, 69288, 55888, 89800, 49140
642, 90345, 30255, 63056, 49614, 4491, 93804
643, 95845, 66778, 75155, 67876, 30224, 31646, 4242, 38379
644, 38099, 56614, 67723
645, 3441, 86951, 34798, 68591
646, 56355, 34862, 72812, 68194
647, 35520, 32069, 81062, 52628, 57954, 94380, 7827
648, 94911, 72723, 9752, 23260, 20016, 43908
649, 19776, 25539, 24460, 67743, 47125, 15206
650, 11664, 98131, 59119, 33655
651, 80679, 42587, 75359
652, 85600, 69638, 76817
653, 48976, 1701, 60342, 6139
654, 61575, 57339, 69665, 72856, 79763, 49404, 42923, 15098, 22190
655, 40562, 64001, 36491, 55886, 21364, 3696, 96191, 39396, 26473
656, 1724, 7150, 62550, 15523
657, 94374, 44147, 92670, 4776, 37862
658, 89075, 59656, 80831, 50556, 13719, 13383, 3347
659, 5250, 88966, 84182, 55675, 67412, 1980
660, 20738, 6563, 94703, 41261, 82530
661, 59841, 77944, 99530, 84154, 196
662, 63794, 48990, 76876, 16265, 99934, 4654, 60454, 18078, 44361, 75339, 56496, 20585, 3036, 96200
663, 28659, 25914, 38708, 87275, 13729
664, 82275, 77361, 60468, 97451, 44123, 26412, 63126
665, 20574, 65779, 49953, 74326, 77265, 13139, 96175, 69907, 47618, 384, 78613
666, 26665, 69844, 60801, 89871, 2599, 51893, 67841
667, 94351, 669, 93486
668, 10203, 82518, 33284, 48471, 2402, 3281, 75098
669, 88432, 80192, 91550, 17329, 88519
670, 97536, 80087
671, 86449, 36155, 53744
672, 28707, 29200, 91682, 20565
673, 54581, 82625, 5481, 12161, 22961, 66544
674, 60330, 61808, 70036, 81646
675, 5327, 88774, 91632, 61484, 58126, 41773
676, 94588, 75137, 87250, 47141, 12582, 7651
677, 98035, 70947, 45206
678, 48172, 14658, 48046, 27787, 20197, 94974, 18412
679, 62301, 11523, 44441, 5291, 18404, 20996, 86139, 94323, 65392
680, 53603, 6889, 29429, 57273
681, 58786, 33178, 31174, 45480, 7989
682, 57168, 86095, 19179, 18368, 10662
683, 58459, 91856, 4067, 55167
684, 42243, 77404, 16272
685, 21979, 29868, 37787, 89155, 39301, 86949, 18891, 57645
686, 42635, 73757, 47379, 85357, 91090, 74429
687, 95779, 51280, 66533, 49230
688, 10575, 37199, 73174, 30923, 70159, 78596
689, 83817, 52821, 96267, 63352
690, 76027, 56997, 30384, 96521, 56509, 45392
691, 33277, 94760, 583, 20010, 29399
692, 37708, 78509, 95611, 94052, 86777, 9498, 46791, 8011, 76905
693, 55188, 3252, 86343, 16020, 42966
694, 10913, 60271
695, 66044, 60083, 40237, 64745, 30186, 26217, 67407, 95173
696, 14839, 28803, 99113
697, 90162, 83175, 85816, 45245, 8241, 3550
698, 53206, 4677, 77087, 18845, 25161, 448, 68463
699, 10604, 3451, 60236, 66015, 31993, 91593, 51016, 78653, 89860, 85470, 19275, 47982, 1125, 74719, 12558, 67563
700, 87805, 43889, 6947, 13919, 6880, 95178
701, 34867, 45236, 96636, 2659, 47236, 65359, 72770
702, 6528, 58028, 7663, 34432, 69831, 95647, 13778, 87483, 57278
703, 86058, 28042, 53238, 26904, 57643, 31780, 16637, 99566, 81942
704, 2042, 84113, 84131, 56505, 76635, 21131, 43980, 844, 190, 84774, 15419, 93360, 10416
705, 66144, 17190, 70049, 20363, 7948
706, 99624, 40633, 8749, 31109, 58840
707, 20258, 24806, 42951, 10026, 896, 50666
708, 41697, 96057, 11193, 34448, 47850, 36644, 53119
709, 5761, 74496, 10983
710, 67445, 56092, 87059, 56167, 95187, 10546
711, 23755, 82750, 86140, 33783
712, 32482, 47912, 90026, 77137, 91211, 46510
713, 74609, 12386, 84816, 85930, 70885, 68599, 50287
714, 49158, 87981, 39219
715, 10248, 98869, 59239, 56922, 33773, 56964, 1184
716, 35136, 77150, 98187, 80085, 45166, 65421
717, 28457, 1093
718, 15890, 11165, 59005, 65876
719, 99314, 8917, 56244
720, 45442, 82642, 88892, 6856, 63997, 4438
721, 90095, 62802, 18796, 14051, 15398, 47190
722, 17131, 4217, 5181
723, 77330, 6192
724, 52448, 16255, 69714, 58785, 92655
725, 51248, 68557, 14314, 25694, 2710
726, 75462, 70370, 80733, 85431, 36456, 85337, 32463, 16332, 1718
727, 74264, 80058, 16693, 66366, 19946, 61641, 81058, 46972, 26534, 69894
728, 5391, 46616, 51855, 4209, 14814, 48143, 21589
729, 2148, 72733, 80958, 19225, 24924
730, 25808, 58915, 75207, 70841, 13122
731, 49457, 61761, 37956, 20307
732, 22202, 78854, 56683, 7341
733, 21966, 69541, 7807, 45025, 67108, 89292, 61534, 17044, 35056
734, 8828, 65887, 89429, 68459, 15322, 46690, 19547
735, 58280, 4812, 96487, 21952
736, 69274, 99497, 71578
737, 74096, 17399, 30877, 24540, 30732, 46369
738, 23036, 6609, 8687, 58408, 83151, 35256, 85347, 38500, 41005
739, 85754, 38755, 34332, 43532
740, 21998, 41892, 47673, 14070, 76891
741, 50992, 78433, 45535, 11700, 50116
742, 72397, 42359, 83446, 17888, 62273
743, 80144, 58078, 80621, 63360, 48186, 51817, 32066, 68934, 73482
744, 24210, 95453, 47505
745, 73073, 83189, 90392
746, 86014, 77463, 82477, 38819, 26268
747, 2542, 51292, 2755
748, 51056, 40620, 31591, 40426, 63553, 98571, 58082, 23487, 31150
749, 28598, 9982, 35881, 53209, 57963, 88523, 18157, 74420
750, 80438, 15238, 64371, 1521, 94740, 34263, 9734, 2269, 50574, 52605, 73250, 64174, 80373
751, 64878, 96743, 34629, 5529, 39657, 89555, 26584, 45800, 53100, 31860, 28833, 2404
752, 73401, 75304, 77928
753, 62304, 62771, 92966, 57012, 16014, 63323
754, 38229, 10030, 95528, 42726, 34933, 66779, 54885, 79078
755, 47617, 23626, 49134, 39882, 21019
756, 61093, 99040, 98633, 25482, 78256, 35283
757, 89145, 84236, 63694, 37852
758, 67730, 45750, 46847, 89032, 51773, 10982
759, 16465, 71695, 87475, 70359, 34718
760, 40017, 17464, 92268, 66771
761, 73951, 44642, 27664
762, 95239, 60749, 40935, 96577, 30870
763, 25363, 3315, 1904, 15050, 16554, 88977, 58137, 3168, 29748, 4637
764, 42748, 8878, 23832
765, 55880, 49483, 60049, 26535, 1925
766, 17348, 82034, 83790, 88571
767, 98033, 8327, 46154, 41304, 8354, 26852
768, 74133, 91621, 56854
769, 39033, 12425, 3198, 25791, 48083
770, 95290, 84922, 9833, 27981, 72960, 70373
771, 20119, 12149, 93456, 12089
772, 98230, 27335, 414, 87339, 14406
773, 28743, 13327, 69752, 26866, 41470, 44158, 62898, 10177
774, 51109, 20635, 53135, 33577, 30432, 67109, 4606, 19149, 79231, 43214, 61192, 35133
775, 4440, 9549, 70432, 4714, 79697
776, 7820, 29586, 15417, 60701, 67113
777, 38896, 93364, 11279
778, 40276, 23081, 56020, 56450, 2029, 8813, 62649
779, 16144, 31404, 70486, 4527, 18743, 89244, 51651
780, 70390, 24584, 82658, 74417
781, 42062, 20968, 10140, 12642, 60442, 30536, 68255, 61892, 88386
782, 15254, 50919, 45396, 45045, 80693
783, 25962, 62851, 51276
784, 67903, 19171, 79369, 83670, 79930, 34327, 65525, 47126, 18823
785, 97324, 91725, 11425, 49940
786, 45130, 14960, 66787, 17532, 76712, 44209, 64774
787, 61355, 23169, 40103, 66369, 63256, 42401, 93944
788, 49739, 91180
789, 607, 17517, 80911, 41716, 83123, 13349, 25811, 41258, 67122, 16696, 93824
790, 78273, 89421, 97802, 59717, 75989, 86539, 80019, 20078
791, 38991, 3020, 65830, 65808, 31696, 10357, 78716, 36631
792, 8860, 92610, 46479, 93203, 94975, 605
793, 54724, 29705, 59304, 33238, 87748, 9511, 71456, 627, 63384, 31365
794, 22737, 98416, 98189, 10098, 49731, 81238, 37167, 36517, 16674, 43446, 77350, 92111
795, 73098, 22951, 20849, 95759, 29973, 65165
796, 76799, 70860, 7101
797, 65627, 21942, 36042, 1144, 92326
798, 55491, 84823, 73796, 64296, 15598
799, 24089, 37355, 64632, 41432, 65122, 99914, 17748
800, 63158, 92868, 23800, 92847, 69881
801, 32745, 38282, 41823, 21052
802, 94216, 81119, 49588, 20013, 24482, 47662
803, 99356, 41274, 29624
804, 9948, 5659, 29017
805, 62742, 48363, 53353, 35364
806, 11723, 28401, 85093, 67305, 31976, 75734, 34812
807, 46183, 91894, 27810, 91004, 77223, 89452, 89059, 86392
808, 93915, 51455, 38916, 28767, 12179
809, 54831, 53601, 66632, 82506, 65619, 35683
810, 57922, 60154, 16560
811, 26163, 18174, 93153, 10470, 21140, 57967
812, 6652, 25810, 6065, 37227, 35374, 30139, 77962
813, 99789, 50317, 48245, 19659
814, 51832, 93550, 43006, 80772, 48000, 20234, 94940, 15118, 71600, 95592, 49265, 79353, 87291, 57471, 8460, 26435, 15544, 88434
815, 55086, 1454, 83635, 29016
816, 27558, 32081, 51233, 77338, 33103, 28266, 90741, 76580
817, 63178, 70845, 54281, 37498, 84825
818, 82952, 18876, 62739, 48638, 2336, 55168, 66637
819, 34511, 32979, 58189, 8675, 80447, 49173
820, 13594, 54141, 44347, 59879, 71842, 18142
821, 32017, 84122, 95811, 33563, 45920, 98509, 56477, 61172, 83287, 41701
822, 10261, 5790, 8432, 69003, 48887, 79115, 41059, 31787, 34753
823, 95535, 86171, 23264, 92364, 43454, 90659, 229, 89552, 31847, 61893, 73373
824, 45631, 52604, 49564, 17754, 24707, 58282
825, 83936, 27746, 62000, 24315, 47817, 43409
826, 57961, 38436, 26192, 79010, 13025, 93459, 46243, 86532
827, 83248, 48549, 44349, 80250, 44967
828, 60390, 58394, 1929, 48531
829, 6062, 31815, 48568, 46783, 93754
830, 60312, 19238, 42327, 3031, 52257, 50575
831, 98667, 30535, 3972, 67452, 60438
832, 1893, 69064, 91349, 66827
833, 37349, 53136, 94979, 18343, 96955, 94244, 10606, 63767, 55145, 51912
834, 74413, 51136
835, 7476, 8010, 43764, 33925, 37583, 52710
836, 57224, 31458, 63112, 93900, 14147, 81207
837, 90890, 39655, 84555, 59206
838, 81158, 26359, 77236, 29491, 81345
839, 22001, 99978, 80849, 39115, 82145, 85318, 18538, 4540, 89727, 4571
840, 85926, 40864, 84789, 3618, 50717
841, 84798, 6186, 75674, 84910, 88863, 78206
842, 38625, 4693, 73138, 85220, 2627, 40566, 81507, 27197, 25622
843, 14375, 90707, 18607, 50046, 97260, 47083, 73785, 81977, 11443
844, 3047, 16521, 276, 78600, 67793, 97256, 9092, 82808, 2028, 72721
845, 88253, 72120, 41511, 87055, 83601, 93421, 97058
846, 76001, 83513, 63205, 91256, 68797, 64472, 61859, 46361, 45959, 40458
847, 43601, 94570, 54634, 95626, 49700, 28106, 15362, 49213, 26202
848, 64416, 68620, 95573, 8156, 9141, 972, 58865
849, 90803, 36677, 84053, 58401, 52465, 49751, 88394, 26173, 61754
850, 73949, 30755, 19858, 72865, 24918, 72857, 45601
851, 32581, 41723, 73852, 87091, 27431, 36876, 7508, 21023
852, 44568, 892, 98844, 27382, 95425
853, 17319, 71815, 82074, 12605, 28433, 88957
854, 9478, 10658, 38489, 25306, 60682, 61723
855, 8358, 48644, 10436, 24501, 99782, 36959, 40757
856, 7110, 85367, 84580, 24022, 24352, 55652, 4065, 45283
857, 61848, 56212, 92092, 25438, 18035, 10336, 28211, 11019, 23536, 11681, 91789, 79309
858, 48375, 76743, 74974, 6696, 42188, 2115
859, 61060, 95132, 94401, 68779, 24208, 2889, 85890, 92944, 44871, 40804, 63139
860, 22029, 99120, 29525, 97810, 8275, 53778, 87421, 80682, 45789
861, 24817, 2282, 24497, 98146, 86410, 40041
862, 81645, 51035, 20614, 99452, 66892, 51877, 48385, 98612
863, 94214, 7842, 98487, 55376, 63042, 72238, 26767, 54486, 77871, 99173, 84645
864, 22227, 82179, 1408, 85683, 54293, 61605, 15320, 90852, 40062, 48798
865, 6342, 53957, 35405, 54330, 94604, 69840, 22308, 56558, 67672
866, 41052, 32340, 42028, 69333, 55220, 40003, 95490
867, 1034, 18494, 30858, 61040, 68444, 12416, 71637, 77939
868, 9014, 5545, 2172, 21719, 16881, 58410, 88562, 75632, 41380
869, 21336, 84651, 49853, 40916
870, 78998, 58764
871, 91718, 80133, 83741, 5080
872, 18094, 84863, 71216
873, 22, 46112, 24175, 92395, 3877, 98233, 63880, 90832, 34486, 57112
874, 61147, 8499
875, 13570, 80617, 93079, 74853, 50564
876, 39187, 74903, 81883, 18381
877, 60871, 31066, 91362, 52535, 19296
878, 70743, 8541
879, 84700, 97294, 26476, 10784, 35337, 63488
880, 65840, 53922, 41296
881, 1472, 69751, 48944
882, 91107, 24477, 75088, 28747, 34368, 27801, 84480, 88669, 67496
883, 92631, 43030, 63617, 66346
884, 8890, 237, 63448, 45593, 73778
885, 91816, 39035, 26859, 20676, 42175, 62047, 82676
886, 38605, 83913, 68179, 63970, 28487, 50623, 88967
887, 15503, 2512, 19775
888, 28205, 25072, 7096, 20773, 24853, 93502, 35, 71297
889, 3019, 72150, 7897, 24722, 53416, 92774
890, 31949, 24145, 12478, 61662, 33302, 16604
891, 67846, 48224, 96587
892, 17055, 3082, 94394
893, 11759, 6497, 93087
894, 61362, 33800, 99699, 76174
895, 18276, 87923, 24558, 6602, 58810, 8057, 20769
896, 94385, 66164, 43985
897, 22043, 97479, 4300, 65547, 43647, 41708, 2681
898, 13735, 481, 40456, 8772
899, 59659, 44196, 4823, 33989, 12056, 5169, 19282, 17229, 46210, 18768, 20116, 99735
900, 78411, 85634, 31573, 30671, 55282, 56466, 13558
901, 11303, 2783, 35917, 28223
902, 43031, 39287, 44733
903, 53198, 97449, 38197, 2458, 11653, 64070
904, 91782, 54003, 90038, 67559, 3574
905, 59723, 3178, 67862
906, 97999, 69206, 38098, 3442
907, 22969, 3122, 44769
908, 17485, 50356, 81987
909, 1266, 59283, 64157, 63864, 71246, 33815, 50602, 62416, 75862, 48760, 92184, 22774, 67252
910, 18200, 89846, 96357, 14444
911, 64901, 562, 64577
912, 94143, 98724, 36841, 98639, 74388, 15243
913, 93843, 96764, 75120, 71851, 25688
914, 31297, 30855, 11320, 11317, 8606, 67954, 1274
915, 50534, 78676, 74972, 8747, 35159, 54386, 1387, 32504, 37174, 49382
916, 77883, 55680, 21160, 39537, 12236, 83955
917, 9782, 13403, 84073, 39901, 15005
918, 34697, 89753, 71820, 90236
919, 2434, 96337, 65114, 85610, 67734, 51138
920, 14600, 99019, 57625, 5449, 96839, 96798
921, 37995, 33751, 33922, 16078
922, 71539, 21477, 66066
923, 45523, 60783, 52714, 75743, 50189
924, 73589, 54631, 52610, 40500, 78163, 17139, 19319
925, 37003, 9620, 72877, 26965
926, 75659, 2789, 31207, 82961, 43565
927, 90056, 43080, 17232, 69611, 73668
928, 10172, 8567, 4946, 71520, 40522, 80022
929, 29924, 98770, 61621, 85460, 76669, 37556, 69607, 64737
930, 58564, 90390, 12939, 381, 78415, 44689, 9642, 43645
931, 46629, 39608, 60012, 8875
932, 73012, 63240, 31609, 41358, 51543, 66726
933, 10446, 64503, 52925, 102, 11292
934, 57498, 7053, 67766, 9772, 44572, 5998, 73582, 13728
935, 77065, 82220, 47686, 7007, 51702
936, 46569, 62410, 85452, 42223
937, 11739, 17609, 44660
938, 75722, 30718, 20062, 85295, 3899
939, 58769, 96969, 14000, 62097, 74895, 74330, 60982, 37790, 4327
940, 25455, 85035, 15663, 55842
941, 76295, 81288, 33469, 78099, 5523
942, 39854, 85398, 89932
943, 93292, 15737
944, 62650, 77331, 38438, 96068, 63614
945, 72589, 35028, 55981, 18346
946, 72211, 45432, 5435, 97463, 53986, 41918, 90666, 91059
947, 94195, 20825, 25538
948, 23423, 22778, 36794, 18901, 20829, 40366, 95215, 99867
949, 58330, 99983, 37541, 80765, 6480
950, 22447, 78154, 9198
951, 76035, 66984, 54896, 99295, 79975, 21827
952, 64237, 84107, 28272, 36014, 92297
953, 18579, 32088, 81089, 9932, 28840, 81716
954, 36103, 96410, 47585, 67882, 91331
955, 71092, 8405, 5125, 37009, 83843, 11922, 4260, 82694
956, 76406, 7496, 55462, 36279, 99454, 31047, 89568
957, 49524, 84797, 86605, 44458, 32795
958, 37123, 61702, 79003
959, 61965, 84433, 41128
960, 59036, 32135, 96963, 46454
961, 75012, 9528, 22838, 48597, 35554
962, 62412, 42691, 52027, 56560, 70065
963, 73784, 40444
964, 4868, 21556, 41552, 93629, 22790, 94037, 52841, 38355, 80854
965, 74507, 91735, 98523, 27663, 36189, 65058, 60446
966, 50309, 28843, 36452
967, 30708, 70320, 52616
968, 66994, 5879, 3518, 31161, 69941, 16635
969, 91454, 11516, 71841, 45728, 31060, 5246, 66972, 10393, 90506, 68069, 96668
970, 79824, 50891, 40157, 67538, 4225, 98687, 799, 15936
971, 13106, 74564, 305, 60461, 9589, 64828, 5959
972, 8091, 1451
973, 30764, 24234, 62470, 72581, 84287, 18385
974, 20639, 43940, 44525, 51646
975, 84101, 17335, 41777, 68327, 96885, 92921, 92738, 94627
976, 55070, 74721, 58891, 64560, 11655, 44125
977, 10499, 69508, 97676, 71336, 21722, 69083, 42902
978, 58624, 34036, 74295
979, 17785, 46929, 76946, 76576, 64781, 50457, 76925
980, 40869, 42949, 18520, 92973, 3050, 77902, 33451, 39620
981, 42114, 91283, 58195, 61170, 62381, 38225
982, 14545, 60665, 89784, 52794, 50848, 86009, 90568, 40811
983, 88379, 1752, 19009, 23010, 3882
984, 28344, 95295, 36157, 22284, 6348, 34446
985, 24071, 59614
986, 14473, 56721, 38310
987, 73405, 19894, 24552, 6587
988, 32877, 71568, 82231, 1689, 51707, 5333, 5726, 7909
989, 67581, 89231, 54630, 51022, 12873, 39048, 81291
990, 26394, 88621, 76092, 83303, 53174, 80202, 69197, 42829
991, 70119, 97388, 41089, 31402, 5217, 58181, 88387, 38983, 40090
992, 36546, 18775, 91791, 28250, 67539, 49914, 76282
993, 33223, 46392, 43761, 12377, 25100, 46418
994, 73855, 26117, 70803, 98094, 23205, 19607, 26459, 15210, 92598, 7769
995, 43578, 80503, 84150
996, 88195, 92103, 84218, 77208
997, 66596, 983, 10797, 77535, 55408, 31777
998, 34429, 80703, 90842, 56032, 90801
999, 75803, 45305, 2991
1000, 1588, 28703, 2655, 53635
