1, 1, 2, 3, 11, 22, 29, 46, 52, 70
2, 588, 647, 2418, 3012, 370, 1813, 2679, 3381, 110, 231, 24
3, 4967, 5224, 5967, 5638, 5703, 1128, 1430, 2256, 3763, 5025, 5369, 7452, 5619, 7162, 2462, 189
4, 8720, 9024, 7247, 8443, 3698, 6185, 7607, 6133, 2519, 478, 28, 4, 39, 82
5, 9054, 9991, 7203, 8451, 7373, 5791, 716, 40
6, 6113, 9150, 825, 5400, 1124, 567, 492
7, 7264, 942, 1731, 2743, 8065, 1017, 1240, 214
8, 3832, 5764, 1913, 3340, 743
9, 7237, 6318, 8459, 8461, 3027, 6448, 9699, 2787, 1872, 3325
10, 9473, 3809, 352, 748, 2914, 7290, 707, 760, 958, 1495, 1742, 555, 4126
11, 5170, 1054, 1736, 1848, 6236, 368, 7467, 6244, 1183, 1679
12, 5330, 7966, 6466, 7475, 2043, 5608, 5636, 4548, 4605, 2483, 4220, 125
13, 9443, 7302, 9226, 9178, 6740, 1283
14, 8532, 7853, 3701, 4053, 8167, 444, 911, 1403, 9946
15, 9375, 3580, 9003, 9113, 9354, 3275
16, 3471, 7074, 3452, 1859, 2673, 6038
17, 3473, 5514, 3836, 2383, 2631, 3730, 4337, 8758
18, 8478, 6590, 6484, 4077, 4127
19, 7016, 4374, 1087, 5533, 9295
20, 7259, 3161, 3241, 3260, 7289, 2160, 5665
21, 3826, 6169, 1773, 3287, 5517, 9453, 8260
22, 5914, 3840, 5901, 4919, 6134, 5081
23, 6572, 7701, 6694, 6138, 7067, 2647, 2802
24, 7872, 3736, 3945, 8233, 8691, 1331
25, 9268, 9074, 4718, 8876, 8012, 1634, 5549, 42
26, 5111, 5711, 4679, 9854, 112, 465, 724, 8298, 64, 193, 239, 1075
27, 6431, 1245, 4427, 247, 1920, 308
28, 4791, 5553, 7548, 2786, 5284, 456
29, 6068, 4990, 5201, 9557, 5408, 6854, 3761, 3467, 8396, 5309, 6760, 9785, 1382
30, 6188, 8284, 5587, 8938, 7923, 5338, 541, 2754, 5910, 600
31, 9105, 9499, 5343, 3933, 4853, 7159, 965
32, 6053, 7915, 9637, 5472, 877, 2209, 6272, 6911, 7329, 2446
33, 9316, 5916, 7207, 7927, 5409, 5221, 7500, 1304
34, 3224, 1640, 4455, 5590, 1571, 181
35, 8102, 6570, 5211, 8037, 8998, 3551
36, 7588, 8481, 2366, 2859, 2943, 3364, 7194
37, 8188, 4847, 3960, 96, 298, 364, 1096, 1335, 2198, 3410, 5779
38, 8553, 8149, 5539, 4432, 5186, 1647, 2479, 2530, 9836, 413, 5000, 1103, 144, 658, 48
39, 8111, 6850, 3045, 3265, 7732, 649, 1538, 190, 113, 1165
40, 8842, 3921, 4265, 7046, 3371, 4549, 2677, 5582, 3457, 196, 119, 258
41, 8423, 6971, 3561, 5966, 9609, 8811, 384, 3036, 639
42, 6920, 3781, 8688
43, 9645, 8647, 9985, 2782, 3805
44, 5257, 490, 529, 803, 1601, 3634, 4861, 4654, 996
45, 4531, 1154, 1779, 2768, 215, 325, 1152, 1333
46, 3919, 1983, 2812, 3908, 4943, 668, 2138, 2389
47, 4052, 4954, 4364, 8764, 9558, 4150, 4779, 594, 709, 1507
48, 4610, 9181, 9521, 4385, 1250
49, 7585, 7605, 3582, 6950, 8044, 947, 2940, 3200, 8122
50, 3450, 4015, 3700, 3991, 1159, 1747, 5882
51, 5203, 2480, 1777, 1881, 5733, 8305
52, 6592, 7993, 2149, 1701, 8162, 7612
53, 2822, 3441, 4242, 4491, 1724, 3696
54, 7827, 6139, 1980, 3347, 4776, 7150, 448, 9016
55, 9752, 5250, 6563, 583
56, 669, 2599, 3252, 8011, 9498, 844, 1125, 3451
57, 2402, 3550, 8241, 2042, 2659, 6880, 6947
58, 3281, 4677, 6528, 229, 414, 9361
59, 4067, 5291, 5327, 5481, 7663, 896, 7948, 605, 607, 276
60, 7651, 6889, 8749, 1093, 1184, 5761, 2029, 4440, 4606
61, 7989, 1521, 1718, 2710, 4217, 4527
62, 4438, 6856, 8917, 5181, 2148, 1904, 2269, 9734
63, 6192, 4209, 5391, 2404, 5529
64, 2542, 4812, 7341, 3315, 1925, 3168, 4714, 9549, 4462
65, 7807, 6609, 2755, 4637, 3198, 8327, 627, 9511
66, 8828, 8687, 9982, 8878, 8354, 9833, 7820, 2963
67, 8813, 3020, 1144, 7101, 225
68, 8860, 1454, 5659, 9948, 1893, 1929
69, 6065, 6652, 2336, 3031, 2627, 250, 271
70, 8460, 5790, 8675, 6062, 3972, 3618, 4540, 313, 1312, 2507
71, 8432, 7476, 4571, 4693, 6186, 3047, 892, 972, 2028
72, 8010, 9092, 8156, 7508
73, 9141, 1034, 1408, 2115, 4065, 7110, 572
74, 8358, 9478, 6696, 954, 5624
75, 2282, 2889, 6342, 2172, 5545, 9014, 9434, 1595
76, 8275, 7842, 5080, 25, 35, 237, 1472, 3877, 1756, 1138
77, 8499, 8890, 2512, 1918
78, 8541, 7096, 88, 102, 381, 481, 2681, 3019, 3143, 5110
79, 3082, 7897, 562, 1266, 2458, 2783, 4823, 128, 211, 322
80, 4300, 6497, 8772, 5169, 3122, 3178, 3574, 159, 2052
81, 6602, 3442, 1274, 8606, 305, 799, 3518, 160, 294, 330, 7639, 7564, 2202
82, 8057, 1387, 8747, 8875, 9642, 3899, 5998, 493, 883, 8319
83, 2434, 9782, 7053, 7007, 4260, 4327, 839, 631, 1459, 7968
84, 2789, 5449, 9772, 5125, 5435, 5523, 4868, 7496, 2341
85, 9620, 4946, 8567, 6480, 9528, 5879
86, 8405, 9198, 4225, 2498
87, 9932, 5246, 498, 5028, 5483, 7544, 9823
88, 983, 1451, 5959, 9589, 3025, 8898, 2833, 6725
89, 8091, 1689, 1752, 3050, 1021, 1588, 2991, 1422
90, 3882, 5217, 5333, 2655, 1284
91, 6348, 5726, 7769, 1301, 2222, 4033, 6661, 9046, 5652
92, 6587, 7909, 8551, 3379, 3693, 1303, 1380, 3117, 3359, 3361
93, 4168, 6612, 7997, 8216, 6617, 9163, 3911, 5342
94, 7916, 8870, 6969, 9442, 9319, 1851
95, 8384, 4801, 4591, 7553
96, 7803, 8414, 6559, 8884, 8943
97, 8869, 9767, 9280, 489, 710
98, 1080, 7001, 739, 1175, 4358, 5156, 2083
99, 1322, 8034, 1327, 7396, 9476, 1071, 3813, 6768, 9303, 3930, 6519, 8082
100, 2048, 9784, 9367, 6893, 8468
101, 9298, 1134, 2442, 9061
102, 7371, 1291, 1414, 1844, 9430, 849, 5114, 8116
103, 3422, 5952, 2215, 2317, 1706
104, 6029, 6758, 8738, 2447
105, 7470, 8608, 4184, 5488, 5727
106, 7477, 8056, 4378, 6928
107, 6424, 8630, 450, 758, 1048, 1081
108, 1759, 2932, 9994, 3051, 4824
109, 2117, 4223, 5237, 5713, 5610, 6863, 1378
110, 7380, 3220, 5306, 6212, 9678, 5865
111, 5755, 7738, 8416, 1116, 6881, 3267
112, 9318, 8705, 3724, 7294
113, 8765, 8762, 5493, 3719, 1073, 3351, 4312, 4934
114, 7086, 4777, 5151, 5490, 2835
115, 6483, 3314, 3905, 4120, 1213, 3947
116, 5373, 5509, 3037, 4393, 5829, 4329
117, 6199, 8962, 152, 226, 1305
118, 1323, 5786, 1761, 1908, 387, 9304
119, 2267, 5119, 3229, 5227, 3007, 324, 840, 7493, 472, 1247, 616
120, 8701, 4785, 3715, 6268, 910, 3354
121, 8980, 1466, 2699, 2800
122, 4116, 4507, 1513, 1783, 2651, 5527
123, 7273, 9750, 6131, 2938, 7855, 9076, 2671, 1955, 2543, 6965, 3489, 5283
124, 7366, 7944, 9591, 4651, 604
125, 8664, 9359, 3196, 3228, 1728, 4234
126, 5699, 8282, 2960, 6781, 4391, 6778
127, 7423, 9958, 4580, 2293
128, 8145, 8542, 4722, 9230, 4213, 3654, 3669, 9039, 3745
129, 9926, 8533, 4691, 8626, 5164, 2135
130, 5494, 6838, 7125, 7316, 2315, 7345, 6664
131, 4611, 30, 118
132, 5231, 6150, 285, 518, 1734, 4514, 292, 952, 57, 92, 3345
133, 9289, 1483, 3510, 2152, 361, 5752, 8480
134, 2508, 3179, 496
135, 9386, 4459, 6507, 622, 1086, 517, 2994, 4113
136, 8776, 969, 1836, 2432, 7245, 8025, 945, 2116, 5662, 3288, 5159, 7185
137, 1463, 3977, 5572, 8201, 8418, 7427, 2827, 1022, 1597, 1667, 3095
138, 3637, 8051, 9809, 9928, 2319, 2393, 4950, 3470
139, 2390, 7650, 2576, 4164, 5352, 3774, 141, 147, 409
140, 2568, 2604, 5038, 5268, 9603, 5317, 7626, 463, 873, 2089, 2217
141, 9538, 3261, 9417, 6278, 6807, 6995, 1396
142, 3341, 7899, 9497, 5664, 6102, 9179, 659, 4720, 1441
143, 8718, 8663, 7890, 6692, 4403, 8579
144, 8548, 560, 1629, 2746
145, 5653, 796, 2120, 8625, 1208, 5706, 5204
146, 4746, 3916, 3996, 7814, 8950, 6604, 4626
147, 7862, 5375, 9910, 94, 881, 4587
148, 9460, 673, 5766, 161, 9655, 7982, 6634
149, 886, 1079, 1188, 3113, 3114, 3780, 4574, 995, 6051, 235, 323, 1318
150, 6010, 6146, 5058, 9439, 5185, 2695, 4235, 1020, 4444, 4082, 462
151, 9930, 6723, 7010, 3718, 3879, 4344, 933, 1550, 6290
152, 5424, 6543, 9131, 5455, 8497
153, 8970, 2608, 3362, 7397, 9895, 2237, 8325
154, 4901, 6686, 7849, 3868, 2664, 4173, 8996, 8109, 4552, 6345, 722
155, 8985, 9701, 7683, 5288, 6865, 9921, 8342, 1150, 1703, 5516, 9227
156, 9848, 9059, 2475, 3929
157, 4951, 6499, 7135, 8425, 7121, 4756, 9421, 4923, 1448, 1541
158, 8019, 8506, 9248, 8699, 5033, 5979
159, 4963, 8523, 6866, 3230, 6451
160, 9456, 2711, 3127, 5207, 5386, 9615, 9796
161, 3448, 7740, 1535, 6513
162, 4183, 3346, 3466, 4085, 4909, 1863, 3484
163, 9713, 7884, 8760, 998
164, 8427, 2364, 3511, 7540, 3187
165, 7570, 8338, 4308, 7224, 6257, 7402, 7653
166, 9488, 428, 4719, 1161
167, 1570, 2000, 3307, 5179, 5174, 6975, 1545, 2851, 3636
168, 3598, 5569, 2201, 1941, 2086
169, 6319, 5383, 7649, 9768, 2441, 7530, 9766, 6629
170, 9977, 3971, 7155, 3172, 5083, 2192, 5625
171, 7567, 4218, 6214, 7457
172, 8027, 7156, 6583, 8495, 8715, 6567
173, 9426, 7764, 2236, 2676, 3495, 5565, 9126, 148
174, 8138, 3603, 4783, 5955, 6000, 6203, 208, 240, 3071
175, 5627, 6829, 9411, 5782, 2760, 471
176, 6294, 6875, 2861, 3148, 8069, 8404
177, 7049, 7812, 2891, 6094, 269, 372, 2200, 4270
178, 6925, 9008, 2972, 3661, 4569, 4999, 1704, 3046, 1750
179, 4641, 5312, 5547, 3628, 4435, 3668, 5670, 1876
180, 6095, 8020, 9707, 9845, 5827, 6100, 2276
181, 6766, 9062, 7044, 1888, 2242, 6593, 2777
182, 2527, 5023, 5071, 6994, 2575, 6939
183, 7027, 9815, 4105, 4809
184, 4882, 7004, 2920, 3079, 3903, 5123
185, 8365, 4222, 5736, 6685, 4073, 4309
186, 5615, 9184, 9664, 6794, 8862, 6830, 6761, 9773
187, 7727, 5171, 9045, 9207
188, 1589, 2652, 4414, 1349
189, 4416, 6804, 9317, 527, 1243, 2018, 7099
190, 4598, 5265, 6648, 3048, 2685, 1552
191, 7257, 9073, 7334, 9720, 9937, 2170, 3922, 9273
192, 9810, 2409, 4338, 7338, 9040, 8017
193, 9501, 2549, 5964
194, 8143, 5838, 681, 866, 989, 4422
195, 8939, 7091, 7729, 8212, 9201, 4713, 7666
196, 9889, 9732, 1059, 1562, 1671, 4074
197, 2337, 2563, 3656, 5419, 8900, 927, 1832, 6788, 5467
198, 3129, 9880, 8302, 9281, 1865, 7694, 1824
199, 3657, 9253, 9980, 4081, 1820
200, 8782, 9142, 4325
201, 2184, 2607, 7333, 2955, 3663
202, 2737, 3301, 4129, 6638, 6289, 3857
203, 2742, 3331, 3651, 3810, 4568
204, 7603, 7922, 6207, 6806, 994, 2703, 2778, 7981
205, 5404, 8021, 4186
206, 8582, 6144, 287, 1388, 7079, 9383
207, 7601, 3674, 6546, 7359, 573, 893, 1264, 2061, 597, 3126
208, 7411, 4389, 9147, 1362, 3138, 3889, 9811, 1374, 3754, 1641, 2352, 5750, 3915, 5477, 898
209, 6334, 7867, 9748, 4705, 6553, 7210, 6040, 6226, 4233
210, 7569, 8852, 5876, 9519, 9927, 9263, 2014, 4736
211, 8522, 6050, 8940, 3399, 6613, 7945, 6339, 1653
212, 8368, 9952, 8272, 6288, 7088, 7243
213, 9117, 1232, 2962, 925, 4757
214, 9781, 3205, 9834, 1255, 3567, 6194, 7692, 9139, 6964
215, 5579, 7232, 582
216, 7856, 3374, 884, 1171, 1503
217, 8587, 3937, 4537, 9640, 1433
218, 4763, 1635, 2329, 2916, 2849, 3801
219, 9529, 4792, 2700, 5282, 5300
220, 5655, 3804, 5194, 1269, 1607, 2903
221, 9601, 3828, 5588, 4944, 1656, 6349
222, 8809, 5267, 9546, 5277, 2435, 3141, 3962, 6504
223, 5358, 9013, 9138, 5739, 4686
224, 5746, 9761, 7168, 320, 713
225, 9842, 5887, 7439, 8819, 7219, 764
226, 8576, 6265, 4418, 6460, 961
227, 8322, 4992, 6028
228, 8615, 6328, 2261, 5013, 3533
229, 3483, 4410, 4042, 4112, 4682, 5977, 1457
230, 4061, 6127, 6930, 8046, 5556, 2103
231, 8814, 6536, 6637, 7375, 2162, 3645
232, 8880, 9855, 8401, 5271, 3967
233, 6826, 7025, 6657, 6532
234, 8605, 537, 2250, 3839, 3892
235, 4483, 7852, 9420, 9214, 7974, 2124, 3249
236, 5027, 6228, 9840, 9691
237, 6525, 7617, 4291
238, 9132, 1749, 4084, 4704
239, 2645, 8022, 9284, 9492
240, 9667, 7143
241, 307, 429, 939, 61, 129, 525, 777
242, 590, 1710, 8490, 311, 617, 618, 209
243, 4829, 802, 1321, 2041, 628, 1174, 1359, 2828
244, 7051, 1407, 2146, 3948, 4426, 8987, 2075, 2335, 4046
245, 7449, 1534, 2106, 4912, 3812, 5457
246, 3303, 4243, 8435, 1271, 7069, 580
247, 5055, 9560, 3794, 9602, 1148, 1236, 1289, 2265, 6039, 1235, 1546, 1846
248, 9513, 5933, 6197, 9171, 2057, 5046, 1785, 6666, 4272, 4323
249, 6360, 9641, 2456, 6831, 5850, 3189, 5019
250, 8946, 8527, 2692, 6746, 6004, 7134
251, 4907, 6993, 3679, 6419, 6699, 6346, 7201
252, 6589, 7395, 7704, 9562, 2437, 6195, 6824, 5062
253, 8918, 7218, 8979, 4110, 4764, 4162
254, 8652, 7415, 4407
255, 6163, 5163, 5891
256, 7383, 2174, 7515, 4888
257, 8500, 5328, 8680, 7693, 8790, 8189
258, 9086, 5573, 8945, 8346, 5855, 2360
259, 8515, 1555, 3445, 7006
260, 1880, 3421, 4960, 5875, 4702, 9463, 165, 1126, 278, 344, 606
261, 5716, 8100, 3646, 5197, 6370, 8413, 354
262, 9412, 9202, 7090, 726, 3043
263, 1252, 3985, 1766, 3503, 6517
264, 8607, 2461, 2996, 5650, 7983, 2428, 4155
265, 9504, 5920, 2429, 2453, 511
266, 2941, 4021, 4245, 715, 755, 941, 1314, 1948, 3609, 667
267, 8989, 5057, 8544, 3130, 4027, 830, 1961, 2567
268, 7278, 8650, 917, 991, 3732, 2586, 2977
269, 6103, 7541, 3721, 8717
270, 4973, 9027, 9660, 1277, 4241, 4502
271, 6644, 7757, 8094, 8856, 9182, 5069, 6951, 3756, 4800, 1633, 9078
272, 9978, 4871, 4411, 5238, 9621, 9968, 6394, 9072, 8457
273, 8273, 9540, 5301, 7398, 9760
274, 3088, 3744, 4007, 6209
275, 8678, 5387, 6014, 3549, 5007, 6611
276, 8839, 7451, 3943, 847, 3029
277, 4652, 9662, 4586, 3304, 3436, 1868
278, 5292, 6562, 4902, 3579, 4665, 6286, 4617
279, 6283, 5697, 4135, 7146
280, 7249, 9862, 9730, 8297, 9825, 3883
281, 9923, 5525, 7364, 2466
282, 8375, 455, 2151, 2722
283, 2244, 9702, 723, 2739, 8529
284, 4898, 1091, 2368, 3799, 6922, 7098
285, 6230, 9567
286, 1994, 4445, 5544, 794, 1834, 2820, 4839, 9406
287, 2195, 2926, 9322, 9715, 3644, 4151, 3616
288, 5395, 6938, 7634, 5128, 6423, 5585, 2321
289, 9755, 5742, 1511
290, 6398, 1722, 2136, 2131, 5974, 4247, 4499
291, 3662, 5722, 9984, 4961, 6530, 9173
292, 6690, 5698, 8498, 5139, 9790
293, 8768, 9285, 5821, 8256, 8769, 5202, 9663, 31
294, 3278, 8683, 9327
295, 4274, 1133, 1682, 3355
296, 4562, 5465, 7492
297, 8323, 8471
298, 5482, 1229, 1384, 36
299, 1526, 2056, 2942, 3391, 9938
300, 3927, 4565, 5740, 8942, 5452, 8031, 2975, 6663, 45, 68, 106, 868
301, 9112, 5927, 6693, 7454, 8928, 3333, 5712, 1308, 1340, 1608, 47, 74, 2554
302, 2348, 3319, 4088, 6155, 1695, 4205, 8725, 702, 1697, 2407, 87, 1351, 169, 111
303, 3262, 2254, 3166, 8807, 5728, 3119, 1328, 6414, 115, 485, 623
304, 5117, 5563, 6052, 9219, 2719, 4848, 6008, 6121, 9127, 6032, 7066, 9731
305, 5840, 8345, 6115, 6296, 3299, 5382, 126, 186, 703, 856
306, 6577, 8180, 6347, 563, 4793, 8311, 171
307, 6973, 7766, 8393, 7083, 1218, 350, 3946, 7593
308, 8521, 8222, 4661, 5218, 9966, 101, 328, 708, 674
309, 8873, 5724, 281, 356, 4855, 534
310, 3425, 4772, 5374, 993, 1019, 1668, 1877, 1292, 1111, 5518, 1715
311, 6755, 6136, 7312, 5006, 5744, 7978, 8048, 2248, 7075, 1179, 4125, 2454, 924, 940, 4590
312, 9914, 9162, 9950, 7123, 2079, 5099, 6382, 2251, 2867, 5957, 8355, 174
313, 7686, 9402, 7089, 7802, 4395, 5991, 6817, 180
314, 7838, 7638, 6552, 9954, 266
315, 4356, 3689, 8863, 2646, 4412, 274, 797, 1638
316, 4535, 6258, 4662, 4685, 3197, 3722, 3558, 3601, 6220
317, 6764, 5001, 9808, 5381, 8877, 7021
318, 5730, 9769, 4134, 5645, 9876
319, 9665, 8831, 1337, 9961
320, 2044, 3964, 7825, 9786, 3692
321, 4018, 3227, 6864, 7821, 8924, 6522, 7665, 291
322, 4908, 6605, 8732, 2467, 3845, 753, 5065, 333, 6234
323, 7494, 903, 3897, 273
324, 8858, 9449, 6540, 1008, 1347, 6401, 9794, 1142, 1494, 420
325, 7153, 7636, 3454, 7126, 2284, 5704
326, 4458, 5602, 2301, 7191, 2578, 7182, 1146
327, 9017, 2855, 5749, 6073, 9228, 1261
328, 4889, 1169, 1982
329, 1225, 1533, 1373, 2298, 5824, 2154
330, 2286, 2055, 6200, 8001, 8159, 4219, 3983, 5242
331, 2886, 8097, 5280, 8291, 5270, 8410, 4755, 7619
332, 6754, 7358, 9503, 4621, 4981
333, 8253, 8857, 6991, 8257, 7667
334, 8990, 8590, 2257, 5448, 7526, 8894
335, 2906, 3871, 9646, 2245
336, 9723, 3838, 3844, 3975, 5982, 1372
337, 5009, 6396, 7813, 8183, 130, 216
338, 5266, 8786, 1420, 1936, 9670, 7024
339, 2654, 3145, 4700, 1956, 5880, 7221, 8744, 9312, 4498, 505, 5089, 7282
340, 3201, 2832, 7566, 2410, 9022, 587, 644, 1090
341, 6406, 2872, 3204, 4734, 9600, 2488, 9955, 6376, 4546, 1995
342, 8861, 5710, 4534, 554
343, 5077, 8303, 7521, 8208, 1233, 1473, 5981, 8191
344, 5153, 5591, 5970, 2027, 516
345, 6739, 5989, 7937, 1315, 8868, 1976, 5599, 1005, 1222
346, 7751, 2506, 5687, 2640, 7721, 9047, 5731, 3602, 1527
347, 9595, 3660, 5326, 6306, 4156, 8200, 4706
348, 9804, 9357, 9612, 5187, 7542, 4471, 6447
349, 2720, 3685, 8426, 6608
350, 4945, 6748, 3672, 8794, 9133, 7706, 6700
351, 9975, 9346, 8107, 9770, 1228, 1500, 4484, 9903, 177, 275, 347
352, 2101, 5050, 7595, 2594, 7346, 9356, 1032, 445
353, 7836, 3244, 3532, 4486, 1478
354, 5014, 8003, 6148, 9031, 3797, 7158, 640
355, 5173, 8841, 2230, 2522, 2474, 9461, 2482
356, 2987, 3002, 823
357, 3128, 8174, 4487, 4869, 1346, 2011, 3247
358, 9427, 3731, 7105, 4264, 4449, 3156, 3950, 5351, 1645
359, 7940, 4980, 5658, 8119, 6610, 5963, 6458
360, 9838, 8634, 6524, 3076
361, 7781, 7172, 4387, 4409, 1394, 8438, 5104
362, 5551, 5971, 4725, 2533, 2798, 5228, 7830, 1732, 4059, 7033
363, 7466, 5600, 2865, 2885, 3137, 2999, 3109, 6355, 4261, 4437, 6152
364, 7403, 8134, 3219, 8885, 9320, 3439, 4650, 8008
365, 9345, 6129, 9232, 6383
366, 8750, 7503, 188, 194, 263
367, 8489, 2612, 4038, 442, 391, 416, 690, 1368, 3814, 1293
368, 4639, 9739, 742, 1052, 1391, 4086, 5188, 9685, 2062
369, 5570, 7770, 1808, 3659, 3083, 3951, 5439, 6337, 7674
370, 3695, 9694, 6196, 810, 4159, 8112, 8808
371, 5410, 7591, 838, 1197, 5584
372, 7718, 6820, 7271, 1874
373, 4536, 6049, 4328, 6324, 9919, 7560, 1281
374, 9990, 8228, 3847, 4121, 1297, 2340, 3737, 4148
375, 6862, 5463, 6871, 9169, 3748, 6091, 7276, 1298, 7828
376, 9315, 7035, 3434, 9525, 3778
377, 7908, 5213, 395, 1755, 4988, 6974, 9064, 6033
378, 2489, 3236, 621, 948, 4240, 5359, 5524, 7554
379, 6793, 8209, 9130, 7687, 9993, 6627, 8108
380, 8230, 8659, 814, 876, 1847, 2398, 4180, 6908
381, 4806, 1379, 2271, 1786
382, 2007, 3396, 4875, 5421, 4333
383, 6534, 6882, 6636, 1302, 3322, 3552
384, 3110, 5526, 5960, 4545, 6547
385, 4166, 2190, 3167, 78
386, 4347, 8315, 6492, 198, 586, 1210, 2758
387, 9292, 9524, 8462
388, 8722, 410, 532, 3332
389, 699, 860, 2084, 2504, 916, 1316, 3444, 6354, 501, 9106
390, 2573, 3149, 7251, 968, 6868
391, 8948, 7889, 1860, 2704, 4064, 4361
392, 9827, 8033, 6157, 9102, 9433, 4396, 6941, 3177, 3640
393, 6906, 538, 7854
394, 564, 683, 2391
395, 6119, 986, 1924, 3612, 4008, 955
396, 4710, 9168, 3856, 1270, 2644, 1974, 3762, 7233, 2668, 2709, 6378, 6575, 9360
397, 8612, 9583, 4528, 3785, 9964, 1411, 2324, 6061, 4465, 4671
398, 4467, 6918, 4816, 7672, 9231, 4642, 7888
399, 4712, 8118, 9103, 5848, 4299, 9259
400, 7389, 9330, 6174, 9310, 2784
401, 8855, 2796, 3932, 4285, 3342, 3653
402, 7970, 3420, 3536, 4469, 7136, 10
403, 6309, 5598, 4102, 6018, 9192, 8891, 272, 13
404, 7875, 5692, 7448, 8706, 8289, 9618, 5720
405, 7432, 329, 774, 2675, 6012, 5787
406, 1583, 524, 975, 2203, 3453, 9962, 14
407, 2384, 3028, 4834, 8727, 2893, 3854, 7719, 9832, 858, 863, 891, 992, 27, 154
408, 3343, 8292, 5148, 1170, 4509, 6384, 3806, 967, 1475, 9970
409, 5388, 5603, 4448, 1512, 9822, 2572
410, 4753, 7080, 9164, 9265, 1153, 2811, 5414
411, 9881, 9474, 5528, 6957, 3917, 3938, 6891, 1377
412, 7351, 1840, 6556, 1516, 2091, 4948
413, 4941, 5571, 3022
414, 6635, 6063, 6350, 5183
415, 7965, 6281, 7131, 5431, 4268, 9936, 4842, 7095
416, 8502, 8934, 1708
417, 5015, 7778, 4989
418, 6123, 8906, 9166, 928
419, 9657, 8773, 3681, 9087, 7460, 9925, 6264
420, 9510, 9798, 9441
421, 7419, 7657, 26
422, 7763, 3901, 51, 608, 54, 97
423, 5363, 7845, 638, 4371, 5895, 100, 1817, 99
424, 7148, 7184, 7337, 6105, 6213, 117, 451, 729
425, 7613, 77, 86, 595
426, 9425, 5830, 779, 2060, 2365, 224, 1067, 1275, 83, 1605
427, 5060, 5735, 7600, 788, 915, 1130, 1632, 2930, 3817, 7085, 7487
428, 9155, 3973, 4600, 8310, 5441, 5613, 2721, 3173, 8853, 3629, 230, 6292
429, 4965, 6321, 5956, 8850, 4236, 6476, 260, 1182, 5825, 3212, 1393
430, 5496, 8845, 8053, 4354, 5355, 7835, 7255, 3469, 1013, 3820, 8317, 9244
431, 7297, 9813, 9407, 1421, 2246
432, 1106, 1993, 2161, 4244, 6910, 8225, 1324
433, 3174, 4381, 3270, 6117, 7726, 5180
434, 4494, 5780, 8126, 9324, 8617, 8821
435, 9610, 9783, 7450, 1285, 3535, 6813
436, 2077, 6308, 1856, 2367, 4199, 751
437, 6336, 7177, 4649, 8080, 4820, 4972, 4602, 9397, 3480
438, 6363, 7408, 5654, 5717, 4326, 6299, 8578
439, 8469, 6898, 2968, 5458
440, 9401, 6122, 7506, 9448, 8822, 5575
441, 9940, 7609, 9267, 9378, 2224, 2521, 2869
442, 3789, 5898, 6273, 2613, 4695, 124, 502
443, 6561, 6983, 5928, 8127, 9536, 5233, 6571, 7248, 822
444, 8103, 6368, 1137
445, 5776, 7652, 7880, 3225, 1330, 1334, 1725, 1350
446, 9116, 9275, 9941, 222, 1579, 3548
447, 1837, 4797, 1873, 1092, 1354, 3831, 2176, 2535, 5319
448, 2911, 4163, 2003, 9012, 2953, 3243
449, 4808, 3277, 9559, 7183, 2989, 3623, 9335, 2252, 2565
450, 6580, 6698, 7342, 8889, 5856, 2350, 2965, 8593
451, 9585, 7504, 8797, 9957, 7002, 4872
452, 9680, 3310, 2899, 4011, 8334, 7315
453, 9029, 3395, 4355, 3272, 9212, 4982
454, 6578, 8886, 1501, 3498, 5161, 920, 1390
455, 5208, 6047, 1558, 1909, 3334, 5253
456, 6070, 7782, 8114, 3538, 4991, 5611, 1602, 135, 821, 1910
457, 8141, 8719, 8261, 9371, 7441, 4103, 7065, 136, 1001, 145
458, 9165, 9729, 6206, 6409, 8565, 1097, 283, 349, 789, 539
459, 7637, 7986, 9847, 1810, 2259, 3152
460, 9438, 6914, 1180
461, 9447, 1726, 3523, 3837, 5535, 1417, 2145, 2497, 2618
462, 7327, 2628, 3376, 5137, 6642
463, 8137, 4259, 8280, 4597, 3210, 4974, 5026, 6303, 7902, 286
464, 8270, 8518, 7800, 5047, 7785, 4575, 818, 773, 2908
465, 9725, 9634, 7654, 8132, 7755, 9034, 5034
466, 9631, 2688, 4799, 7214, 2074
467, 8748, 2629, 8095, 2747, 9837
468, 9550, 4313, 9364, 2287, 2610, 4228, 8981, 8487
469, 2653, 2696, 6013, 611
470, 7133, 6978, 785, 601, 2539
471, 8514, 6501, 5315, 9951, 5340, 922
472, 1796, 1855, 2211, 7972, 5190, 1109, 4314, 783
473, 9069, 2813, 3460, 2158, 999, 1727
474, 5324, 4585, 7165, 3456, 4739, 8166, 2873
475, 7710, 4959, 8463, 7400
476, 9572, 8871, 8653, 9167, 5459, 9944
477, 9943, 9793, 3501, 7951, 8018
478, 9592, 4405, 7728, 8897, 1911, 1663, 5371
479, 9999, 1238, 2228, 7404, 9033
480, 3667, 7242, 1239
481, 2159, 1413, 1968, 8919, 1461, 41
482, 2283, 2593, 9795, 3106, 6705, 1688, 2289, 1502
483, 5604, 9149, 3035, 3504, 6839, 7680, 7742, 8023
484, 7225, 9328, 7754, 9898, 4583, 8084
485, 9237, 8796, 9337, 9688, 9819, 4979, 2051
486, 5420, 5940, 3431, 4246, 9459
487, 1807, 2221, 2035
488, 2843, 4153, 6792, 9159, 4892
489, 7093, 7947, 8505, 5772, 7971, 6814, 7994
490, 7215, 9043, 6015, 6352, 6463, 6510, 8804
491, 8867, 7679, 6823, 9515, 58, 163
492, 9763, 184, 676, 232, 282, 457, 5005, 85
493, 720, 1325, 2279, 5024, 7017, 9545, 6461, 826
494, 2025, 7771, 2757, 4257, 5074, 7410, 7615, 6072, 2694, 4382, 4399, 6523, 8428, 1078, 392, 411, 1115, 288
495, 2844, 4506, 9547, 7167, 6495, 7750, 4860, 5577, 5800, 2338, 575, 635
496, 3311, 5695, 6861, 6622, 8130, 7486, 7497, 6743, 7633, 6048
497, 3600, 6819, 8239, 5594, 8320, 2173
498, 8223, 8206, 1954, 2214, 8029, 2185, 3508
499, 3101, 7186, 3677, 6697, 9857, 6107
500, 8993, 5596, 5184, 3595, 6217, 7418, 864
501, 9697, 6135, 2218, 4297, 4622, 4271, 6020, 3707, 6942, 9625
502, 9700, 8378, 3194, 8737, 6083
503, 9239, 2107, 4701, 6548, 2621, 4655
504, 9576, 5422, 1574
505, 5883, 4956, 5366, 7082, 2684, 3717, 1992, 2213
506, 9502, 7559, 304, 7250, 4231, 5296, 3925, 4576, 6393, 2318, 3382
507, 1631, 2633, 9580, 6486, 7405, 4669, 7137, 4917, 8601
508, 6386, 4926, 7608, 5939, 9032, 9922, 9934, 5785, 3191
509, 9669, 8389, 9712, 6444, 7668
510, 7328, 8211, 8313, 3576
511, 7921, 8887, 3961, 5478, 1219
512, 7952, 5010, 5949, 1544, 3170, 7919, 127
513, 9066, 8825, 9287, 6757, 9038, 158, 5
514, 179, 386, 475, 656, 698, 845, 5108, 5894, 770
515, 6643, 7826, 7189, 1775, 1039, 829, 543, 619, 4916
516, 1921, 2181, 6327, 1163
517, 7717, 8436, 2068, 1145, 1553, 4638
518, 3481, 1711, 1769, 2596, 3671
519, 9553, 8494, 4596, 1895, 3842, 2017, 1447, 1532, 890
520, 9828, 5892, 4737, 4060, 3033, 4170, 6490, 2597
521, 6390, 2210, 3008, 8883, 2670, 5248
522, 9099, 9387, 2801, 3577, 4198, 5143, 8277, 5318, 4618, 5485
523, 4672, 5614, 6116, 7435, 1845
524, 5255, 2065, 4152, 6239, 7866
525, 8881, 5403, 9385, 8503, 1204
526, 7040, 5251, 8669, 3121
527, 7114, 9979, 3123, 6853, 6981, 4604
528, 6537, 9541, 2622, 4463, 6961, 7620
529, 8952, 5968, 5995, 3816
530, 6527, 8903, 4324, 8604, 684
531, 9666, 5075, 5411, 7711, 784, 2536, 3240, 8802, 495
532, 6332, 7956, 8279, 811
533, 6425, 8973, 718
534, 3397, 3611, 4390, 2988
535, 7060, 7753, 9396, 7656, 8554, 960, 2547, 5157, 1167
536, 8454, 9548, 7833, 8299, 1984, 2067
537, 7012, 4143, 4795, 2328, 8571, 4804, 5815
538, 4762, 4813, 9568, 8628, 7471, 2713
539, 7446, 8731, 1003, 2311, 334, 714, 985, 1068, 1782
540, 3380, 3767, 7009, 2856, 3067, 5054, 1990, 1157, 1342, 602, 936
541, 5906, 7571, 8009, 3108, 4503, 8242, 2643, 5622, 7386, 1412, 1431, 2122
542, 7894, 9965, 4971, 5946, 7664, 7805, 7809, 5384, 2966, 4388, 2080
543, 7756, 9010, 8394, 1746, 6182, 2571
544, 6508, 7847, 2304, 2433, 3791, 3058, 7528, 2803, 706, 2666
545, 7907, 9512, 8937, 3087, 5504, 7362, 9647, 6750
546, 8591, 9144, 2726, 5100, 4709, 7822, 759
547, 9883, 4101, 5680, 5775, 8892, 5474, 9754, 3605
548, 8686, 6596, 7699, 3042
549, 8834, 8120, 4631, 4773, 7709, 8511, 2223, 4277
550, 8929, 1741, 5931, 7743, 3256
551, 3055, 5427, 2874, 7311
552, 8557, 5663, 9052, 8081, 3740
553, 8637, 6204, 3841, 2727
554, 7424, 8512, 249, 277
555, 155, 434, 634, 290
556, 801, 813, 1234, 804, 1654, 1743, 3059
557, 1504, 7870, 854, 2895, 3851, 4009, 7935, 8517, 175
558, 7296, 8369, 2097, 4004, 1037, 1648, 3155, 4851, 8073
559, 5103, 2235, 3795, 7252, 8276, 1939, 4996, 5042
560, 9818, 8390, 9677, 9516, 7174, 9907, 5367
561, 7128, 2112, 7087, 5166, 1713, 3390, 6876
562, 1610, 1623, 6588, 2281
563, 9151, 5442, 9004, 8830, 8972, 1223, 2464
564, 8967, 9933, 5087, 6639, 6767, 1757, 4826, 7431, 443
565, 7444, 8312, 9879, 8153, 295, 385
566, 871, 2205
567, 2863, 8986, 1058, 1195, 2059, 2544, 3690, 4036, 453, 466, 2264, 5919, 9486
568, 4490, 7190, 8444, 5814, 8901, 3992, 7226, 1050
569, 9878, 9431, 4758, 7572, 8665, 1514, 1363
570, 3543, 4098, 4118, 5321, 3472, 2697, 5434, 6437
571, 4464, 6058, 6179, 6137, 5537
572, 8360, 5310, 8947, 2805
573, 9146, 9758, 1224, 5538
574, 5719, 9887, 1365, 1889
575, 3424, 8879, 4379, 2881, 3589, 469, 16
576, 9129, 8294, 3098, 7673, 768, 1923, 1999, 7339, 2034, 3783, 577
577, 9211, 3825, 4022, 7023, 7472, 3293, 908, 4439, 5124, 1158, 5884, 17
578, 3357, 5146, 6436, 7725, 1123, 1661, 2188, 5162, 6084
579, 5987, 8456, 4165, 9552, 7850, 8104, 43
580, 8249, 9136, 5878, 9799, 9370, 1427
581, 9468, 8611, 3886
582, 8658, 6046, 2227, 2510
583, 6599, 7868, 8992, 167, 483, 4556
584, 697, 6956, 3231, 2186, 4280, 8090, 2019
585, 953, 1821, 1914, 2421, 3555, 2037, 2660
586, 4914, 5548, 7369, 3613, 4275, 8771
587, 9271, 9632, 9533, 3974, 4305, 4863, 9992
588, 1381, 1464, 2166, 2439, 5936
589, 2526, 4056, 5480, 5885, 3490
590, 4154, 9899, 7582, 5765, 5881, 5016, 8753, 1599, 1771, 2351
591, 4978, 6167, 7499, 7382, 8596
592, 9070, 6003, 7865, 7306, 2171
593, 6262, 9896, 3478, 5747, 5784, 6007, 6305
594, 7285, 7749, 6716, 8232, 7658, 7768, 7330
595, 7193, 5362, 9826
596, 7911, 8698, 9860, 3253, 4766, 5643, 1060
597, 8092, 8710, 2444, 342
598, 4292, 480, 1132, 2751, 1279, 4745
599, 4802, 5617, 3687, 4874, 1565, 2330, 885
600, 6111, 8545, 7843, 5763, 5066
601, 6190, 7960, 5642, 8573, 9148, 1181, 6326, 1147
602, 9307, 4401, 9841
603, 9675, 7479, 909, 4375, 355
604, 9011, 1035, 1113, 3447, 4215, 426
605, 9057, 6786, 8741, 5206, 1307, 1794, 1556, 512, 1251, 553
606, 9902, 9658, 5738, 6259, 1825, 1753, 5976, 1254, 4016
607, 6104, 6988, 2309, 3393, 6500, 3931, 8641, 2031
608, 8041, 4657
609, 5737, 8061, 4066, 4302, 5372, 8836, 4117, 6279, 7318, 5811, 8052, 1683, 1246
610, 7568, 6724, 9774, 7298, 9817, 2361, 5862
611, 4814, 8453, 3188
612, 7661, 8581, 2792, 4367, 9859, 8714
613, 6680, 4754, 9329, 6731
614, 7786, 2005, 2396, 9336
615, 9607, 2155, 5165, 5693, 3680, 9325
616, 6665, 9578, 9358, 4249, 4091, 6242, 1902, 8054, 1662
617, 7037, 9696, 4840, 6042, 2199, 2344, 2764, 3202, 2072, 6168, 6924, 1586
618, 7258, 5962, 9791, 5935, 6082, 7433
619, 7029, 6844, 4319, 1986, 2378, 2561, 8099
620, 8198, 9733, 2595, 2818, 3034, 3337
621, 5476, 5595, 8815, 9629, 3066, 2846, 2740
622, 4603, 5279, 3335, 5947, 8357, 4190
623, 5872, 6673, 7223, 8988, 5601, 7355, 3011, 7267
624, 6847, 5852, 8739, 4500, 914, 1814
625, 6802, 7969, 8343, 9920, 3412
626, 6805, 9778, 8328, 1474, 1690, 3216
627, 7442, 3652, 3147, 1173, 8448, 9196
628, 8528, 7914, 2380, 2513, 4237, 7071, 3312, 4123, 90
629, 3009, 3222, 5307, 4518, 7876, 9587, 108
630, 6738, 4544, 5621, 7816, 139, 191
631, 5847, 8835, 1522
632, 7689, 7390, 8142, 8115, 9276, 4774
633, 1969, 8925, 452
634, 2532, 7678, 1762, 3320, 227, 944, 964
635, 2738, 6045, 7938, 6828, 7256, 1987, 1006, 5644, 8245
636, 8520, 5043, 6736, 2022, 1561, 1089, 1156, 9314, 1444
637, 2040, 4505, 4833, 5794, 8633, 4530, 2540, 1172, 3153, 4830
638, 5536, 8681, 9120, 7438, 7629, 7254
639, 2866, 8588, 1866, 2485, 7461, 9429
640, 2354, 3881, 2829, 6109
641, 4369, 2548, 6300, 7510, 6481, 4592, 5541, 1482, 1828, 7188, 9851
642, 6759, 8388, 7147, 7084, 7501, 7730, 1578
643, 7837, 7484, 7299, 6632, 9299, 1581, 9098, 9582, 1642, 1804
644, 7573, 4678, 6189, 6092, 6, 599, 1176, 4408, 2290
645, 6356, 7, 204, 1735, 8, 9, 2092, 752, 2006
646, 4570, 254, 1004, 2793, 3183, 6709, 60, 427, 806, 1797
647, 6140, 3894, 1094, 1643, 2470, 3768, 1699, 2307, 807, 62, 143, 15
648, 8367, 6365, 2541, 4790, 1386, 1763, 2902, 131, 23, 7973
649, 8467, 9193, 5364, 5877, 6832, 8488
650, 8192, 6963, 2619, 9063, 3286
651, 6456, 6771, 8093, 5360, 5715, 5972, 8666, 2450, 663, 1964, 2788
652, 6932, 9170, 6986, 5479, 8779, 9679, 3160, 4276, 6772
653, 6418, 4376, 1415
654, 9410, 1694, 2689, 3237, 5021, 7581, 6569, 7712
655, 7261, 4158, 4179, 4454, 5866, 2347, 3000, 3426, 4519
656, 4489, 4197, 8792, 4069, 4204, 4488
657, 9584, 6453, 4811, 4109, 7958, 5303, 9415
658, 5674, 7532, 8806, 9296, 1406
659, 7597, 9575, 3280, 8746, 5135, 8960, 2487
660, 9917, 3608, 5052, 7628, 2683, 2765, 4616
661, 9597, 5322, 7391, 2884
662, 8106, 8472, 3118, 7480, 2936
663, 7815, 5076, 5912
664, 6886, 9355, 8723, 6843, 4553, 6170
665, 7459, 8178, 6329
666, 7505, 8214, 9740, 251, 257, 1686, 1826
667, 549, 3557, 3895, 7076, 8589, 245, 7963, 8263, 3242, 4124
668, 589, 727, 8372, 4010, 4336, 8429, 383, 632, 8609, 137, 402
669, 2132, 3385, 3416, 3824, 5926, 6298, 652, 666, 2358, 5281, 747, 2425, 4692, 6293
670, 5020, 5229, 3620, 3898, 3852, 4501, 1935, 1389
671, 5725, 9036, 9695, 3764, 3994, 4097, 2797
672, 5992, 5473, 5649, 6287, 4238, 8055, 1943, 5864, 6043, 3132
673, 6222, 9041, 9085, 8592, 4697, 8240
674, 7073, 6531, 1127, 862
675, 9080, 3900, 8563, 4398
676, 1273, 2121, 2448, 2715, 3158, 3858
677, 4778, 8385, 4290, 4051, 6927
678, 9710, 9187, 1018, 1584, 2808, 4293
679, 5907, 6912, 2401, 6275, 6089, 9871
680, 6586, 3786, 4768, 1864, 1480, 1849, 1687, 2100
681, 7536, 5938, 8067, 9467, 9942, 2126, 6267, 2314, 6130, 1520, 1887
682, 7799, 7858, 8801, 4359
683, 9205, 4730, 6335, 7796
684, 8420, 5842, 9484, 8603, 9028, 3449, 4864
685, 9037, 9174, 2904, 4083, 6477, 2580
686, 7109, 4402, 6224, 3458, 5543, 7265, 8026, 8140, 8667, 4019
687, 6397, 9437, 6056, 12, 18, 32, 67
688, 8039, 7286, 173, 310, 1537, 123, 253
689, 4687, 9746, 677, 700, 2492, 531, 651, 5035, 140, 142, 149, 37, 38, 66, 299, 850
690, 5030, 7244, 2875, 8677, 1215, 1194, 3245, 1088, 2785, 199, 79
691, 2958, 7481, 4002, 5986, 7321, 1598, 2243, 2780, 2947, 5583, 6984, 6077, 6153, 380, 431, 675, 1529, 134
692, 7797, 4538, 3387, 3398, 6653, 3863, 2707, 4147, 2775, 9203, 3192, 1450, 172, 243
693, 8442, 7077, 5144, 4178, 2954, 4966, 2817, 4715
694, 6857, 6024, 9947, 7072, 7352, 7762, 4012, 5392
695, 9900, 8074, 9652, 7635, 6566, 5743, 3526
696, 9454, 2039, 3769, 6841, 44
697, 3021, 5915, 7964, 4625, 259, 1051, 1567, 2566, 7473, 2478
698, 8755, 8866, 4743, 7018, 9636, 3588, 265, 2495
699, 7715, 9119, 9682, 4567, 5275, 4288, 1966, 2723, 1569, 321, 4765, 5325
700, 9160, 4769, 7130, 4922, 3986, 2010, 1829, 433, 977, 6670
701, 7746, 9564, 9824, 3401, 4921
702, 6539, 3982, 5254, 5393, 5808, 8908, 1696, 7425, 6917
703, 4119, 5193, 6340, 9717, 9916, 4609, 8941
704, 6468, 8975, 4707, 4744, 6001, 365
705, 5380, 5978, 7512, 1496, 9007
706, 6021, 6201, 3104, 3263, 4782, 435
707, 8050, 3642, 4251, 6266, 6926
708, 9863, 9331, 8657, 4832, 5147, 484
709, 9365, 4794, 4838, 7392, 7976
710, 9901, 6054, 6896, 9286, 1795
711, 6184, 8250, 4858, 2169
712, 9195, 3411, 210, 407, 693
713, 6752, 8574, 300, 341, 1002, 1256, 2157, 2326
714, 8613, 9236, 3968, 5515, 8584, 2369, 691, 1361, 2749, 5189, 1547
715, 9082, 7901, 9252, 7716, 1211, 5521, 3760, 1149, 3590, 776
716, 9261, 3297, 9380, 6674, 4068, 9245, 1737, 3001, 4005, 312
717, 8133, 6533, 4636, 4787, 3367
718, 8324, 8598, 5011, 762, 1209, 3474, 4497, 6261, 8564, 1479, 4029
719, 9477, 8823, 8246, 8476, 2292, 351, 487, 4696
720, 9865, 4997, 418, 550, 805, 1023, 1770, 514, 6366
721, 5896, 1951, 3673, 1886, 1467
722, 6320, 3752, 4659, 8333, 3691, 2558, 4854, 5684
723, 4759, 4394, 7720, 4937, 800, 827
724, 5471, 1168, 1681, 2001, 949, 1010
725, 6023, 3094, 7632, 3890, 4365, 2449, 8921, 1531, 1155
726, 3606, 4644, 6251, 6997, 5398, 9915, 9877, 4726, 6232, 1833, 6491, 8954, 3870
727, 8504, 5436, 7141, 5771, 7036, 7959, 3621
728, 1186, 2465, 772, 1118, 50
729, 3352, 1489, 1862, 2555, 5196, 9051, 6584, 1678, 73
730, 6030, 9023, 9419, 2277, 1618, 2090, 1989, 2918, 2928, 6579, 982
731, 6782, 3488, 4643, 6108, 2605, 9464
732, 8995, 9340, 4063, 4070, 2356, 4014, 4976, 4334
733, 9122, 5461, 8955, 2745, 7104, 6515, 6860
734, 6079, 4357, 7575, 530, 4315, 1628
735, 9479, 5132, 1077, 2831, 3539, 9018, 1917, 1952
736, 6916, 1649, 4248, 7039, 8682, 9234, 6503, 7387, 528
737, 8785, 9653, 3699, 6595, 9565, 918, 2750, 3670, 824, 1705
738, 5370, 5064, 3057, 3353, 3855
739, 7458, 6304, 7140, 3733, 8827, 8409
740, 8028, 9111, 9189, 8690, 701, 9049
741, 1064, 439, 643, 3207, 3291, 8392
742, 1102, 7138, 4157, 7695, 6907, 2130, 2381
743, 2141, 4114, 8684, 7675, 7266, 4995, 900, 1768
744, 8182, 5501, 6701, 6790, 9668, 1926, 2551, 9084
745, 9724, 1839, 3295, 6177, 4584, 6307
746, 5805, 5826, 2239, 2590, 5519, 9326, 2900, 5844
747, 6128, 9507, 3271, 8577
748, 6231, 7145, 7118, 9753, 4167, 5432
749, 5606, 6415, 1282, 1879, 1074
750, 7539, 4353, 7372, 6489, 2496
751, 9183, 9722, 1899, 1928, 6106, 8078
752, 2021, 2809, 6682, 1949, 3414, 7811, 7187, 8729, 5446
753, 7206, 8301, 5683, 6385, 9649, 8882, 9200
754, 8013, 8969, 8002, 7272, 7795, 4740, 9006, 8447
755, 8229, 2081, 6728, 2546, 2876, 3246, 1582
756, 9465, 5249, 3264, 3485, 5331, 5295
757, 5831, 4383, 7038, 8640, 6683, 8621, 8864
758, 9976, 4593, 848, 252, 338, 923
759, 3135, 5406, 9904, 1423, 2414, 8538, 8978, 8851, 987
760, 8060, 6568, 7326, 3283, 3487, 3556, 4560, 6411, 6124, 244
761, 8479, 8085, 8415, 5498, 8224, 8932, 7885, 780
762, 793, 5302, 9496, 327, 3632
763, 2278, 2857, 4890, 787, 1038, 1286, 1435, 1819, 4413
764, 6992, 4932, 3709, 4733, 857, 1698, 6741, 3276
765, 9656, 5690, 5107, 7350, 7498, 1800
766, 8751, 8543, 861, 5313, 3787, 2069, 5212
767, 9624, 5913, 6428, 7377, 8049
768, 2098, 2636, 4624
769, 4034, 4615, 7780, 5903, 4670
770, 8075, 3226, 5620, 8309, 8526, 9347, 5084, 7998, 8179
771, 309, 912, 1510, 4880, 3285, 63, 75
772, 1630, 5758, 7789, 2779, 4925, 314, 5160, 8231, 133
773, 8402, 3099, 5729, 9247, 2680, 3330, 4266, 1319, 4341
774, 3154, 4279, 8441, 6387, 4092, 192, 301, 6338
775, 6892, 3891, 8363, 1288
776, 7791, 6744
777, 5399, 2642, 7032, 5647
778, 5491, 7455, 1049, 5818, 8195
779, 6720, 1559, 2667, 1490, 4349, 120, 200, 782, 808
780, 5314, 2308, 1587, 217, 289, 369, 736, 2864, 9220, 166, 1135
781, 4729, 4340, 5861, 2355, 2379, 976, 2993, 279, 6742, 464
782, 7081, 7199, 7236, 4749, 5685, 4563, 5542
783, 9821, 7491, 6935, 5798, 7898, 5796, 7576, 389, 1015, 500, 7787, 8258, 1593, 3394
784, 8202, 6074, 7445, 9233, 7139, 1187, 1977, 689
785, 6915, 2460, 8791, 735, 2422, 4660, 2825, 4055
786, 6987, 9283, 332, 359, 371, 458, 1842, 4723, 3089, 7181, 8597
787, 7546, 2050, 474, 971, 1838
788, 8170, 3649, 5416, 3258, 5822
789, 8536, 5495, 4594, 2484, 3559, 1012, 7205, 1066, 2225, 376
790, 7220, 9849, 9254, 7779, 2525, 4558
791, 8210, 4187, 5578, 2416, 3233, 6600
792, 1029, 2912, 9225, 3185, 5116
793, 2756, 4258, 2520, 9081, 3584, 7985, 7538, 8124, 7208
794, 4857, 3365, 4447, 4835, 1410
795, 7102, 6075, 8076, 4903, 3876, 3348, 8695, 1613
796, 8014, 8697, 4897, 9457, 4206
797, 8740, 6316, 5908, 7967
798, 9050, 6897, 6931, 603, 775, 1192
799, 7925, 576, 2419, 3013, 3209, 2969, 7270
800, 3093, 7621, 8434, 6253, 670, 1329, 1367, 2109
801, 6715, 9388, 1036, 3111, 7374
802, 2082, 2524, 1891, 1294, 1612, 1843, 1963
803, 8812, 3564, 2935, 7047, 7376, 2114, 2182, 3133, 2053
804, 4062, 5983, 2582, 5500, 7996, 5443, 5639, 3378, 4362, 7700, 8244, 9608
805, 6210, 3005, 6417, 9058, 4475, 5532, 5860
806, 8627, 5079, 8237, 5222, 205
807, 8974, 8643, 8121, 1617, 3038, 4742, 2452
808, 6985, 5669, 8838, 9338, 5349, 6454, 5616, 2951
809, 8742, 8336, 6280, 9333, 3571, 2983, 546
810, 9363, 7008, 1841
811, 5376, 2986, 5059, 7043, 5468, 4630, 2306
812, 5460, 7759, 5900, 3248, 6164, 2771, 4425
813, 8624, 6919, 8694, 3404, 1700, 2183, 1193, 1358, 1979, 2744, 3217, 6937, 648
814, 7563, 9705, 4466, 4819, 2830, 3162, 8330, 6445, 9870, 6118, 1429
815, 9527, 9290, 9399, 4529, 1991, 2733, 9532, 721
816, 9893, 4331, 7054, 2649, 9509, 1801
817, 7627, 5299, 3282, 2125, 2905, 4380, 5580, 4108
818, 8907, 7724, 8215, 3565, 4040, 4303, 69
819, 4938, 8004, 5867, 4936, 93
820, 7930, 6019, 9302, 2280, 6624, 195, 262, 425
821, 3887, 5812, 1065, 2128, 2509, 460, 336
822, 7708, 4688, 9109, 869, 2153, 3711, 3112, 9843, 7990, 5560
823, 8716, 9803, 3563, 7388, 919, 1242, 5754, 8896
824, 6175, 8337, 2362, 522, 1486
825, 9235, 7599, 2583, 3848, 5804, 1031
826, 4216, 4468, 6837, 1392
827, 8805, 3792, 4441, 6254, 1646, 1730, 3214, 4508
828, 5732, 4731, 146, 122
829, 6295, 7517, 9644, 284, 540, 476, 3150, 6809
830, 1573, 2890, 4859, 1858, 3520, 3527, 8817, 816, 592, 765, 1424, 1812
831, 5240, 7124, 7164, 1997, 2071, 4203, 7863, 4958, 6795, 2626, 3788
832, 8356, 9604, 7760, 7003, 2600, 3056, 7314, 5702, 3865, 3026, 1290
833, 9537, 4169, 5980, 5063, 9792, 9404, 6812, 3666, 3920, 3402
834, 8566, 7860, 9929, 4533, 5219, 5948, 1793, 2194, 4836
835, 8353, 4386, 4953, 4942, 6878, 2427
836, 6923, 8264, 9483, 1383
837, 8493, 7714, 2063, 2609, 3078, 7291, 1789
838, 8673, 3506, 7381, 6493, 4796, 2493
839, 8373, 5234, 5656, 7064, 6885
840, 5899, 9175, 8262, 3329, 5623, 8194, 3435, 2312, 9747, 5566
841, 5311, 6621, 7240, 3534, 4208
842, 8110, 4581, 2701, 5564, 316, 6996
843, 4653, 3041, 7269, 2761, 339, 1469, 3164, 3591
844, 8616, 2140, 2978, 499, 1622, 1896, 9423, 9522, 3313, 8649
845, 2662, 3091, 2247, 5223, 8465, 1740, 2767, 4878
846, 7414, 8064, 3146, 4111, 4284, 3491
847, 8795, 9210, 9892, 6271, 6367
848, 9627, 6389, 8638, 5950, 6966
849, 8671, 8645, 7587, 8238, 974, 1931, 506, 7280
850, 3061, 3116, 7179, 2273, 2468, 8376, 2661, 406
851, 3942, 3829, 6944, 241
852, 4130, 6679, 2581, 3524, 3729, 8377, 397, 417
853, 5002, 8274, 4877, 6921, 9643, 5487, 9651, 396, 1758
854, 7170, 6143, 9277, 7586
855, 7943, 8916, 3427, 9341, 3389, 4516
856, 2852, 3339, 4572, 7962, 5789, 7154, 5389
857, 7161, 6160, 7912, 679, 494
858, 9030, 746, 1996, 4807, 1207, 2971, 680
859, 9255, 6357, 6745, 1231, 4628, 8689, 5502, 1453, 8595
860, 4928, 3203, 9379, 2663, 2850, 7014, 4881
861, 8507, 3989, 9787, 3408, 8177, 8558, 473, 513, 2420
862, 9240, 9988, 4210, 5131, 2862, 3131, 4810, 5092, 5405, 930, 4024
863, 5412, 7456, 9269, 4924, 4962, 7556, 424, 894, 3074, 3843, 7246, 4047
864, 6452, 7596, 7887, 7534, 4140, 454, 8531
865, 459, 1200, 1309, 1665, 8348, 591, 732, 5032
866, 4001, 6949, 2375, 2503, 1919, 4099, 4634, 8777
867, 3044, 4037, 4845, 8810, 2635, 2552, 1268
868, 9526, 8411, 4207, 5214, 6097, 1658, 4028, 6478, 2934
869, 5756, 6952, 4846, 8888, 9884, 744, 2505, 2650
870, 2806, 4564, 1085, 2523, 3300, 8780, 4775, 3180
871, 9101, 5708, 3716, 2588, 9681, 4372
872, 5845, 9491, 5122, 7558, 8278, 9213
873, 7119, 6247, 5508, 8763
874, 8734, 9294, 9372, 8187
875, 3040, 5943, 8129, 9188
876, 3274, 4316, 2925
877, 3935, 6221, 3658, 3984
878, 6274, 5348, 8445, 8629, 6706, 4524, 1063
879, 4893, 7557, 6649, 9974, 2012
880, 7655, 5748, 9274, 2776, 4377
881, 6654, 8902, 5276, 8105, 2574
882, 8266, 8403, 6235, 3415
883, 9728, 4149, 9566, 3712, 6722
884, 8583, 256, 1129, 1348
885, 1748, 4345, 5287, 1751, 264, 394, 741, 1062
886, 2399, 2397, 2233, 4770, 2698, 2770, 6976, 8752, 4212, 363, 2457
887, 3171, 3305, 5546, 4721, 7100, 7783, 5168, 9297, 6377
888, 6972, 5801, 7773, 7216, 5051, 9683
889, 9332, 5929, 8036, 9278, 5854, 4050, 4781
890, 7443, 9309, 9180, 4870, 6948, 8619
891, 7913, 7606, 791, 2167, 4142
892, 2376, 2705, 4296, 3077, 3560, 4031
893, 2929, 5823, 2313, 4885, 9185, 4884, 7052
894, 7213, 8318, 2917, 5337, 7794, 3926, 8380, 625, 2459
895, 9569, 7463, 7844, 3939, 7514, 6597, 653
896, 8775, 9674, 6769, 7690, 6060, 1970, 2345, 4589, 846
897, 9805, 4525, 4887, 5843, 2838
898, 7152, 6291, 6846, 3746, 712, 761, 1575
899, 8267, 8509, 9446, 8176, 8964, 2589, 2992
900, 8623, 4122, 5329, 5417, 7592, 6751, 1764, 2471, 875
901, 7931, 7883, 5031, 7097, 959, 2129, 4452, 9194, 997, 3573, 4894
902, 8349, 5925, 9272, 3714, 1611, 9692, 7910, 4873
903, 8296, 3830, 3885, 9506, 4913, 5425, 1497
904, 8484, 6732, 7028, 1674, 1033, 1580
905, 7324, 5105, 2529
906, 9472, 6055, 5793
907, 6895, 6147, 1937
908, 2617, 4160, 5953, 3321, 5004, 859, 1027
909, 3850, 4821, 5210, 749
910, 5113, 2296, 2560
911, 6145, 7774, 3896, 5499, 2837, 2579
912, 7784, 8743, 7367, 1226, 1799
913, 8800, 7950
914, 4174, 7552, 4470, 8556, 3615, 3912, 2411
915, 5859, 4841, 9779, 5247, 4539
916, 6852, 8646, 8307, 3519, 5426
917, 9104, 8486, 4320, 8735, 3936
918, 6343, 6816, 8485, 306
919, 8204, 9480, 7702, 4984, 688
920, 6946, 1692, 121, 1861
921, 7535, 2371, 5492, 7518, 8243, 1973, 4137, 2752, 4673, 5997, 138, 367, 637, 657, 2064, 5751, 9689
922, 3157, 2922, 3429, 5154, 7293, 7325, 2164, 1310, 2939, 3743, 6391
923, 5149, 7361, 7906, 8712, 3017, 6325
924, 4969, 2620, 4450, 6420, 6485
925, 5618, 3997, 2848, 366, 905
926, 5930, 4003, 7747, 4253, 9279, 5567, 1095
927, 6284, 5136, 6797, 9868, 7949, 293, 610, 978, 1190, 1927
928, 9250, 9780, 1719, 2730, 3107, 665, 3279, 3323, 3650, 3461, 2791, 4510, 4987, 1191
929, 3864, 4818, 8271, 3878, 5657, 6877, 4373, 5819, 2207, 6753, 8125
930, 9222, 9409, 7832, 6943, 5803, 7954, 53, 358, 2032, 1901, 4460
931, 2515, 4351, 8251, 548, 1940, 2175, 4196
932, 3866, 4177, 4732, 2665, 5232, 7303, 661
933, 5762, 2486, 3914, 4417, 2773, 5286, 9873, 3631
934, 4931, 7737, 5969, 3802, 5985, 3619, 6181
935, 5945, 4094, 7192, 5304, 6372, 6933, 1371, 6535, 2002
936, 9217, 7610, 7660, 5454, 7268, 4573
937, 8803, 9221, 9918, 8893, 6031, 151, 212
938, 267, 302, 660, 1778, 3136, 449, 4000
939, 2476, 8931, 711, 1259, 2807, 345, 547, 1143, 1221, 1470, 2139, 3541
940, 4752, 4201, 5522, 2686, 3377, 3779, 2253, 4202, 7543, 8953, 646, 1563, 5797, 6494, 609
941, 7340, 8408, 8899, 9594, 9530, 4595, 2143, 1107
942, 9323, 4856, 5085, 4229, 4474, 2272
943, 5592, 8524, 8872, 865, 1237, 5858, 2678, 9075, 2346
944, 6479, 5088, 7545, 9563, 1084, 2691, 1603, 1975
945, 1120, 2945, 1345, 3934, 7229, 9574, 1985, 4352, 5513
946, 3597, 3682, 7841, 4708, 3955, 2270, 3529, 4478, 7107, 5029, 3635, 5045
947, 3902, 8089, 5678, 6615, 8632, 8648, 4342, 8293, 8213, 9128, 4017, 4106, 3384, 8361
948, 5450, 8339, 7275, 4767, 5672, 6691, 2297, 2984, 3970
949, 9551, 6870, 9384, 7790, 3072, 4658, 7685
950, 6874, 7871, 6763, 3988
951, 7401, 4910, 5225, 6904, 7111, 5263
952, 9060, 9107, 8783, 7482
953, 1220, 1419, 2634, 8234, 6422, 6410
954, 7624, 9110, 1557, 1875, 7489, 9812, 771
955, 8826, 6576, 2587, 6392, 6421
956, 6785, 9123, 3803, 3944, 7744, 8063
957, 5118, 7274, 8959, 626, 990, 1596, 3528
958, 9802, 1366, 1897, 2099, 1717, 2232, 6903, 7323, 8066
959, 7209, 7393, 4666, 6400, 8383, 8068, 9097, 9735, 5199, 7132, 1189
960, 9704, 9816, 9686, 19
961, 84, 3373, 21, 65, 89, 170, 315, 377
962, 8287, 9288, 719, 880, 1353, 7861, 7893, 446, 615, 49, 55
963, 2990, 3363, 4185, 5942, 1548, 2102, 3849, 4738, 5932, 482, 671, 1295, 236
964, 8235, 9611, 4850, 6655, 8754
965, 7319, 8040, 8364, 2093, 2123, 3581, 1543, 820, 497
966, 8949, 9633, 7336, 6260, 7631, 1214, 6449, 654, 737
967, 6656, 7555, 3182, 4750
968, 9301, 510, 1244, 2343, 4366, 8226, 2748, 4078, 3648, 571
969, 6310, 1262, 4145, 1055, 1680, 1723, 3765, 5115, 1199, 98, 2299
970, 9374, 8999, 1339, 3324, 3643, 7788, 6141, 2339, 4601, 9391, 182, 1070, 2528, 4298
971, 6581, 1523, 1675, 7048, 6704, 2502, 3306, 4612, 1100, 374
972, 9270, 4428, 2632, 9156, 9853, 4023, 5339, 5778
973, 5759, 6126, 9186, 1385, 1792, 4013, 2016
974, 2305, 4451, 2408, 185, 1206
975, 9311, 9648, 5648, 8642, 2070, 187
976, 9556, 3023, 3208, 3405, 4080, 2085
977, 6516, 3976, 6323, 8700, 9390, 2238, 4096
978, 8173, 8254, 9108, 1624, 2819
979, 1375, 2049, 3493, 4623, 9606, 1870
980, 6120, 7331, 4115, 6641, 4322, 4433, 9134
981, 5631, 4515, 7307, 415
982, 9091, 8308, 1524, 1802, 81, 5394
983, 2406, 2693, 5576, 1776, 3413, 468
984, 2637, 7284, 5633, 6233
985, 8635, 7684, 8963, 2234, 3193, 488, 162, 164
986, 8789, 3822, 6005, 3587, 5774, 8654
987, 7406, 8329, 6161, 7113, 542, 1614, 2417, 3400, 3688
988, 9351, 1449, 1493, 2725, 3750, 7604
989, 1664, 1958, 5407, 7775, 3438, 5846, 8154, 3956, 9376, 4256, 1823
990, 8549, 7465, 3103, 2033, 9246, 9598, 9068
991, 8314, 9493, 2113, 2111, 7347
992, 2451, 4849, 2322, 2795, 4195, 2804, 6002, 8922, 2672
993, 3775, 4224, 4446, 9373
994, 5629, 4255, 6858, 5109, 5290, 9967, 7283, 3554, 3344, 3570
995, 9249, 6675, 9077, 6776, 9831, 5433, 2735, 8761, 9623
996, 7623, 9416, 9121, 3309
997, 8247, 9505, 3683, 9158, 206, 1263, 1850
998, 5261, 1878, 5470, 9835
999, 5264, 7630, 8770, 5640, 91, 197, 219, 5760
1000, 7059, 238, 348, 1326, 1835, 2799, 5839, 899, 1177, 3085, 6080
1001, 2134, 4977, 1998, 7920, 1621, 2997, 6462, 8840
1002, 6250, 3418, 7198, 7688, 6142, 6302
1003, 7228, 9807, 2177, 3068, 5334, 6619, 6733, 7157
1004, 6270, 2731, 7304, 7647, 6672
1005, 6246, 9605, 3049, 7533
1006, 6487, 7818, 8335, 7288, 7886
1007, 8304, 1276, 2023, 2394, 114, 1566, 2066
1008, 2592, 3284, 5354, 7437, 1774
1009, 8832, 9140, 6959, 8475, 4318, 5073, 373, 551, 3062
1010, 1462, 2008, 7092, 8185, 3092, 4865, 8397, 678, 4703
1011, 2517, 5841, 3907, 8910, 734, 479
1012, 9776, 9687, 980, 4273, 7178, 767
1013, 9079, 6331, 2734, 1892, 3184, 3525
1014, 9698, 5356, 738, 5230, 5675, 3793
1015, 6606, 7212, 757, 1445, 3213, 7151, 6180, 8113, 8696, 8991, 2657, 3833, 2854, 5917, 6982
1016, 7829, 8895, 9095, 9650
1017, 7676, 1619, 4866, 4993, 8784, 8662, 3728
1018, 6890, 8525, 5241, 1253, 521, 855
1019, 4421, 1577, 6482, 7222, 1455, 2334, 4030
1020, 8539, 8007, 2015, 5316, 7934, 5256, 5215
1021, 3163, 9154, 6979, 2147
1022, 7502, 7748, 2168, 3120, 769, 2163
1023, 8693, 4443, 4392, 2436, 3100, 4079, 4542
1024, 6601, 6667, 9455, 7874, 5807, 6835, 7957
1025, 8568, 5158, 1476
1026, 9891, 248, 509, 526, 2591
1027, 672, 704, 557, 1401, 2816, 270, 375, 378, 574
1028, 731, 835, 1141, 897, 1636, 728, 819, 1945, 5809, 872, 973, 8452
1029, 1957, 5562, 2291, 2303, 5039, 8000, 5486, 841, 3406, 2156
1030, 8148, 2110, 5272, 5401, 4815, 8101, 5941, 9924, 8570
1031, 2979, 7235, 5688, 5922, 8430, 9135, 3477, 8913, 3940
1032, 9256, 988, 1440, 3003, 4547, 6112, 5999, 2387, 4368
1033, 1594, 2469, 2606, 2967, 5769, 9764, 5090, 6512
1034, 3086, 9579, 5810, 9422, 934, 1425, 6869
1035, 9858, 3823, 6888, 963, 1257, 1405, 2882, 8730
1036, 7659, 4020, 5679, 9973, 6285, 6905, 1400, 2332, 3617
1037, 7360, 4194, 5430, 6439, 1650
1038, 8670, 9377, 2325, 1592
1039, 2759, 3316, 5385, 7429, 8058, 3980, 5067
1040, 3655, 8072, 6442, 7129, 9021
1041, 5397, 9161, 8951, 9157, 4283, 4940
1042, 9673, 1047, 8905, 5274, 8288, 8994
1043, 1651, 3266, 4493, 5220, 7999, 2024, 7262, 477, 9844
1044, 8321, 3500, 1754, 7662
1045, 4058, 3165, 3223, 3798, 8079, 9555, 8933, 552, 630, 3747, 5191
1046, 6747, 7777, 9775, 3459, 3862, 8585, 9983, 5958, 1442
1047, 9906, 5568, 5178, 5451, 5768, 6789, 9462, 1082, 1343
1048, 7904, 3777, 2087, 2144, 5289, 6457
1049, 9890, 8572, 9573, 8139, 3979
1050, 8636, 2294, 6369, 4911, 6825
1051, 6470, 6800, 2894, 9590, 6873
1052, 8561, 2923, 5586, 9257, 5121, 6312, 8399, 2013
1053, 9909, 9343, 9053, 9622, 5428, 1104, 5833
1054, 7640, 1827, 8982, 2577
1055, 593, 1428, 9394
1056, 4423, 889, 1099, 2424
1057, 2718, 6081, 8227, 2463, 1355, 2915, 7320, 2892
1058, 9432, 7936, 4771, 3139, 5851, 5044, 6216, 9638
1059, 8661, 8926, 6833, 3675, 4175, 4072, 3773
1060, 4429, 7625, 7537, 9056, 5853, 4239
1061, 9393, 6558, 201, 962
1062, 6894, 7992, 1217, 2327, 2455
1063, 9635, 3296, 3893, 6879, 8984, 9911
1064, 7253, 9495, 7941, 3969, 6208, 8123
1065, 8417, 1528, 2333, 3904, 6374
1066, 8295, 1011, 1110, 1484, 6395, 8547, 8379, 8586, 8756, 3987
1067, 1871, 3254, 4822, 7529, 4006, 5061, 6719
1068, 3954, 6980, 8059, 1121
1069, 9243, 9554, 5429, 6237, 33
1070, 5437, 56, 105, 584, 71, 107
1071, 296, 733, 1098, 2316, 213, 223, 242, 268, 5836
1072, 4043, 3514, 5721, 6202, 6677, 8175, 1370, 938, 2570, 357, 566, 9308
1073, 5723, 7765, 2669, 9628, 1745, 176, 717
1074, 6729, 8030, 399, 568, 1760, 2537, 421, 519
1075, 3827, 6684, 7422, 3443, 4430, 7313, 705, 3238, 5133, 6078, 956, 1830, 4577, 2976, 436, 116, 207
1076, 4964, 8440, 8909, 6713, 1944, 3475
1077, 4983, 7490, 1178, 2119, 5677, 2178, 6314
1078, 5245, 5259, 5681, 5783, 2220, 1436, 2814
1079, 6702, 7349, 3710, 4786, 3054, 8915, 8070, 3578, 1041, 470
1080, 9742, 8398, 6821, 7513, 2386
1081, 8766, 6934, 3782, 6990, 3063, 1249
1082, 2076, 5817, 337, 8844, 966, 1693
1083, 2948, 725, 1139, 1707
1084, 8799, 7055, 7428, 1122, 1685, 3039, 4520, 8218, 686, 1739, 2557, 2888, 280, 3738, 3846, 1978
1085, 8407, 9745, 7932, 2921, 6256, 360, 879
1086, 6362, 4026, 4307, 4370, 5176, 1767, 388, 981
1087, 6678, 7117, 6726, 5589, 7000, 1399
1088, 8496, 6440, 9543, 6450, 4517, 1509, 4226
1089, 4843, 7447, 4680, 6555, 6774, 6173, 7869, 2438
1090, 8685, 7995, 7295, 8181, 486, 682, 937, 1317, 2690, 6659
1091, 5745, 3368, 3741, 2104, 1267, 559, 3704, 3909
1092, 9088, 3941, 4453, 2165, 5868, 984, 7409, 4171
1093, 9617, 5466, 8904, 9264, 3906, 5718, 5086, 9596, 2477, 2712
1094, 5828, 4461, 5773, 9972, 9852
1095, 6249, 1287, 1903
1096, 2440, 3630, 3633, 9866, 3626, 535
1097, 2556, 6009, 4900, 5574, 6165, 8618, 6708
1098, 8371, 2974, 3433, 7643, 6225, 895
1099, 6958, 7022, 5155, 9035, 2840, 1061, 4717, 6842, 1666
1100, 9019, 7019, 2910, 8935, 8733, 1677
1101, 8600, 3562, 3949, 5897, 1072, 2004, 2623, 781
1102, 6574, 7882, 4400, 5200, 2919, 1714
1103, 9577, 4727, 4920, 5152, 3318, 4301, 6681, 6496
1104, 6193, 5041, 7810, 7354, 8956, 4360, 5552, 7598, 1024
1105, 6464, 7574, 9744, 2133, 6154, 6544, 1164, 1364
1106, 9850, 7801, 2931, 2957, 6603, 6717, 6631
1107, 4431, 7669, 3835, 7078, 3749
1108, 7928, 4310, 9738, 2046, 4252
1109, 2249, 3134, 5102, 3599
1110, 1938, 2732, 3720, 6166, 6749
1111, 6646, 8580, 7895, 1852, 9514
1112, 8692, 6426, 9882, 8724, 9599
1113, 9517, 8631, 9089, 9789, 1684, 6022
1114, 2949, 4343, 9282, 2611, 3867, 3819
1115, 9762, 4138, 7691, 9520, 6172, 3537, 4419, 2088
1116, 4436, 9242, 2412, 2950, 6125, 5353
1117, 7641, 3255, 2913, 7020, 7211, 7524, 7353, 4905, 5368
1118, 9581, 4663, 6156, 8679, 7509, 8382, 5954, 5871, 7343
1119, 6333, 8466, 9020, 6358, 6311, 4788
1120, 8957, 7238, 5216, 5612, 9959
1121, 9224, 3664, 1915, 6662
1122, 7891, 8096, 851, 906, 1076, 2878
1123, 3388, 6810, 1402, 2959, 5192
1124, 9489, 4690, 5668, 9350, 2995, 4230, 4852
1125, 7873, 6388, 1626, 1805, 2511, 6465, 5607, 5714, 4896, 9218
1126, 6756, 8136, 4879, 6671, 5886
1127, 9534, 6714, 8158, 7527, 1105, 1492
1128, 9777, 3232, 4648, 2562
1129, 6640, 2842, 7752, 6594, 6703, 1627
1130, 6989, 8016, 8968, 3075, 3257, 7368, 6762, 4698, 7677
1131, 8575, 4906, 7734, 9241, 7917, 72, 1201
1132, 6446, 3513, 5734, 1418, 7061, 95, 440
1133, 9639, 5951, 6034, 1853, 441
1134, 9408, 786, 2118, 2774, 1620, 467
1135, 2534, 901, 1932, 4683, 2473, 1576, 1815
1136, 1014, 1409, 1456, 3030, 3206, 5198, 2431
1137, 3356, 4523, 6630, 3604, 7056, 8482, 1398, 5145, 7806
1138, 4699, 8781, 1857, 3952, 5260, 5707, 7399
1139, 9071, 5379, 7042, 7420, 3834
1140, 8155, 3753, 5550, 7260, 4481, 7859, 8359
1141, 6110, 8843, 9352, 5489, 7551, 6315, 7478
1142, 8874, 6375, 6711, 6582, 9885, 1716, 5666
1143, 6808, 8439, 6811, 7772
1144, 8043, 8220, 1299, 1720, 4176, 1639
1145, 1676, 2638, 2826, 3290, 4287, 4614, 6211, 7565, 8421, 2559
1146, 8381, 6626, 5641, 7230, 9238, 5396, 7918, 9321, 4089, 5344, 2937, 3499, 6538
1147, 8341, 8787, 8281, 9191, 7180, 9339
1148, 3880, 8083, 2189, 2901, 7384, 7857
1149, 5671, 852, 1198, 7070, 7682, 7942, 8610
1150, 1811, 3326, 5984, 9204, 887, 1803, 6413, 8168
1151, 9716, 5475, 2374, 6801, 3175, 6243
1152, 3211, 5905, 3808, 5581, 9300, 2096, 8550, 156, 1885, 4689
1153, 6037, 5673, 5440, 403, 515, 1007, 2359, 6404, 3734
1154, 6238, 9956, 8849, 1946
1155, 1890, 2516, 2877, 4191, 1816, 3302, 545
1156, 4681, 6551, 9561, 5937, 1260
1157, 9223, 5628, 3966, 4986, 1884, 2879, 9535, 8745, 1114, 1437
1158, 5167, 7026, 6276, 4930, 5018, 2349, 1669, 3338
1159, 5893, 6096, 6633, 5456, 7196, 9963, 3417, 8151, 8419
1160, 6902, 6707, 7106, 5874, 5990, 5965, 3375
1161, 8622, 7579, 8035, 7379, 3269, 5788, 1426
1162, 8976, 4193, 3097, 5870, 2045, 2300, 6660, 6779, 2656, 2702
1163, 4321, 5555, 8672, 3462, 5889, 9025, 596, 4144, 7495, 6598
1164, 8161, 8820, 7707, 1404, 4684, 641, 4306, 2964, 5700
1165, 5126, 5244, 1568, 8599, 7058, 8146, 1028, 3516, 4075, 109, 297
1166, 6025, 7980, 3958, 8160, 4761, 4803, 6498, 7645, 9814, 422, 423
1167, 7761, 4656, 9751, 8196, 3115, 5390, 7112, 7767, 3546, 3759, 4136
1168, 7045, 9708, 4278, 5813, 4647, 4633, 1140, 544, 614, 1313, 1781, 5510
1169, 6614, 10000, 4332, 4613, 2231, 2790, 3289, 763
1170, 5701, 9989, 6090, 7195, 6474
1171, 132, 812, 4054, 7488
1172, 7878, 9867, 4748, 8474, 9714
1173, 7618, 8620, 157, 178, 1900
1174, 3784, 5413, 6093, 346, 1069, 4886, 255, 362, 1498, 3624
1175, 6407, 6381, 7241, 3918, 1258, 2219, 2823, 3622, 1530, 1988, 9897, 1265, 4694
1176, 8491, 7731, 3957, 5127, 7031, 9894, 7549
1177, 7758, 7030, 4480, 4724, 5676, 7300
1178, 7713, 9613, 4837, 5835, 1515, 3221, 5336, 6855
1179, 8668, 7896, 6026, 7522, 2687, 5506
1180, 2624, 3497, 3647, 5923, 9846, 393, 408, 1025, 1564
1181, 8265, 6822, 9403, 1867, 2615, 6977, 3494, 7370
1182, 8846, 9395, 8285, 9829, 2836, 3553, 6818, 3186, 5890
1183, 3328, 7385, 3713, 629
1184, 8169, 642, 1332, 1491, 1691, 2197, 2285, 740, 1166, 1434, 8332, 6171
1185, 2445, 3725, 5345, 8455, 5792, 3575, 3594, 9981, 3251, 6027
1186, 8824, 5347, 5795, 7108, 3586, 8477, 878, 1655, 3190, 8038, 9368
1187, 7127, 8152, 3665, 6650, 8562, 4550, 3998
1188, 9145, 8433, 6241, 7697, 8829
1189, 5101, 3372, 2370, 4294
1190, 6245, 6955, 8920, 4269, 8983, 7335, 3070, 3505, 6557
1191, 7703, 6625, 4384, 1869, 5236
1192, 2426, 3151, 5269, 7005, 9571, 8704, 6913, 8144
1193, 9392, 9588, 6883, 8958, 7263
1194, 9490, 6435, 504, 1045, 1160, 1046
1195, 1227, 1604, 1947, 1972, 4472, 4620, 4635, 3350, 3409
1196, 6775, 8269, 9494, 6151, 8351, 1609, 1625, 5094, 5308
1197, 7705, 7057, 2054, 5182, 9470, 8219, 4668, 4780, 5172, 5285, 6371
1198, 8552, 2108, 4456, 7305, 9997, 5438, 9996, 1488
1199, 4805, 7394, 2845, 2193, 3593, 3772, 3064, 1230
1200, 5770, 4141, 9152, 5605, 7648, 8087, 2240, 4090
1201, 6734, 6658, 5464, 6459, 2980
1202, 7231, 8352, 4404, 6867, 9334
1203, 7417, 9523, 5632, 1922
1204, 585, 828, 1468, 2766, 8431, 1416
1205, 6364, 2204, 5012, 8614, 1505, 1729, 1894, 7984, 2405, 3872
1206, 9044, 8286, 9886, 9424, 1962
1207, 1590, 1930, 6940, 9908
1208, 9215, 2564, 1950, 2708, 2870, 1499, 1360
1209, 3423, 4139, 5557, 6884, 7846, 3081, 4521, 4282, 5462, 6036, 921
1210, 8644, 4607, 7163, 4032, 4933, 8818, 6777, 4632, 5423, 6219, 1101
1211, 7160, 7462, 6313, 8062, 5134, 7793, 8071, 7739
1212, 8283, 8707, 9616, 9208, 7798, 8217
1213, 6827, 9083, 9864, 9065
1214, 8306, 2898
1215, 9414, 3234, 6784, 9413
1216, 6322, 1549, 2372, 3542
1217, 9405, 4543, 7204, 6505, 6511, 3625
1218, 7745, 7149, 7279, 8340, 8639, 8816
1219, 8374, 7217, 8255, 7310
1220, 8386, 5667, 8709, 9418
1221, 4076, 9475, 9115, 2295
1222, 9508, 3308, 3873, 5294, 4676, 7434
1223, 9737, 4100, 5323, 6529, 3407, 8199, 5112
1224, 6791, 5195, 8966, 9209, 1702, 2179
1225, 3596, 6929, 2020, 3383, 2981, 7301
1226, 3815, 9971, 5378, 6803, 2105, 2973, 4532, 4895
1227, 6215, 9026, 9114, 3515, 5507, 5682, 8248
1228, 4939, 5626, 6549, 9048
1229, 6712, 8147, 8513, 4664
1230, 8535, 5816, 8117
1231, 9672, 9706, 6550, 1296
1232, 9693, 7116, 8508, 2288, 3298, 3995, 5497, 7642, 3053
1233, 8702, 4559, 5934
1234, 9743, 6218, 9485
1235, 7407, 8540, 8713, 3440, 8163, 904
1236, 9736, 1883, 5297, 7834, 1673, 6953, 1119
1237, 1905, 3006, 1341, 4286, 5048
1238, 3540, 3572, 4311, 4927, 7905
1239, 8362, 7175, 8788, 9626, 4473, 1809, 1278
1240, 8042, 7068, 2196, 1280
1241, 9118, 2961, 5651, 6162, 6252, 1971, 3016, 5361, 2514
1242, 9839, 7578, 7041, 6502, 7823, 2841, 3861
1243, 8464, 8203, 8927, 4674, 4915, 2944, 5175, 5902, 4250
1244, 8171, 5357, 6183, 6573, 7436, 7474, 1477, 9727
1245, 6834, 8450, 3317, 5558, 7309, 7929, 228
1246, 6545, 331, 5335, 4346
1247, 7819, 3860, 834, 1942
1248, 5320, 6471, 1009, 4627, 5630, 579
1249, 9719, 1344, 3522
1250, 4232, 4522, 4876
1251, 6330, 5037, 6057, 218, 882, 5863, 5975
1252, 7227, 9450, 9960, 9856, 1551, 2769, 6467, 6542, 8767
1253, 7277, 8651, 7281, 8560, 3990, 7421, 2258, 2263, 2331, 2430
1254, 9258, 6297, 2883, 4827, 4181, 4363, 5534
1255, 6541, 3566, 4420, 2481, 4511
1256, 5262, 5834, 9912
1257, 685, 1044, 9369, 1791, 2142, 4998, 7671
1258, 1306, 1960, 5597, 6668, 1744, 2137, 6554
1259, 5767, 7197, 2868, 3084, 1320, 1519, 7171, 7531, 8936, 3507, 5911, 7644, 8387, 2180, 5511
1260, 2907, 2952, 2403, 4975, 1854, 6191
1261, 7142, 3015, 9905, 1959, 6899, 7547, 8944, 9445
1262, 8437, 5540, 7169, 9260
1263, 9721, 8711, 9586, 6088, 8458
1264, 183, 379, 1471, 2415, 2880, 1806
1265, 3199, 3684, 6695, 8344, 4929, 970, 3999
1266, 9100, 6016, 8449, 4667, 8961, 6998, 9820, 2472
1267, 9389, 7577, 7646, 7735
1268, 8569, 5820, 8391, 1151, 2030, 2323, 8366, 303
1269, 6011, 8726, 2927, 9197, 1185, 3014, 8483, 2047
1270, 3468, 4588, 3386, 5305, 1670, 1822, 1356, 1600
1271, 7483, 8537, 9090, 6379, 5705, 2853
1272, 7696, 6970, 2648, 3268
1273, 6403, 6840, 9216, 4844, 2763, 6845, 8268
1274, 6872, 7614, 9015, 7933, 5346, 7516
1275, 9172, 8530, 9830, 9953, 9471
1276, 508, 1934, 3239, 2998, 9137
1277, 7094, 5634, 613, 3757, 5837, 3292, 5944
1278, 5918, 5973, 4087, 9229
1279, 6399, 7741, 9458
1280, 2191, 4504, 6301
1281, 6282, 5205, 9869, 778
1282, 9684, 831, 7292, 1112, 2494
1283, 7977, 1056, 2206, 3531
1284, 2443, 3392, 6071, 8446, 2413, 3910, 4406, 3678, 6380, 4798, 6798
1285, 6836, 7173, 9861, 6067, 7176, 4057, 7975, 7594
1286, 8912, 9451, 5996, 6960
1287, 8005, 836, 1536, 9593
1288, 3428, 9671, 5418, 867, 943, 950, 1202
1289, 4904, 5484, 1376, 870
1290, 5177, 9382, 1798, 2490, 9539
1291, 5857, 9466, 4289, 3366
1292, 6087, 1248, 3169, 3755, 3641, 1981
1293, 6618, 6488, 2706
1294, 7520, 8205, 3807, 4541, 1338, 1784
1295, 2860, 3496, 9875, 1517, 2714, 3697
1296, 3869, 9939, 4189, 5924, 6469, 3124, 3694
1297, 6405, 6455, 6783, 4161, 4348, 3065, 4041, 5377, 6402
1298, 9874, 8774, 9009, 7144, 6198, 578
1299, 7062, 2342, 3370, 1657, 3024, 1591, 5530
1300, 7469, 5068, 6787, 8971, 2009, 5559, 6044, 8088, 3547, 4557
1301, 6509, 9935, 6178, 4935, 5017, 9444, 4817, 8077, 103, 221
1302, 9759, 8190, 8728, 233, 1043, 1780, 5278, 9435, 234, 343
1303, 1906, 2772, 3742, 319
1304, 3723, 4784, 5049, 7202, 2839, 3327, 4789, 2274, 7839, 8045
1305, 6433, 7525, 7413, 3923, 4214, 5091, 5106, 7440
1306, 4263, 2762, 1432, 5832, 8854, 353, 412, 3142, 5243
1307, 6434, 6520, 3419, 5209, 5447, 6240
1308, 6999, 5554, 8736, 5512, 6229
1309, 7736, 9630, 9797, 5097, 7412, 7988, 694
1310, 7616, 837, 4146, 3545, 3727, 390, 461
1311, 1485, 6616, 6710, 2946, 3259, 2598
1312, 1542, 9709, 8847, 6962, 7485, 7115, 9654, 398
1313, 9749, 3446, 4330, 4608, 8032, 3215
1314, 6607, 4200, 8400, 9872, 3455, 662, 2601, 3102
1315, 6064, 6086, 4477, 6651, 7840, 3859, 1460, 2038
1316, 6859, 6780, 7611, 4281, 5273, 7344, 2187, 1615, 5341
1317, 8164, 9177, 4512, 5350
1318, 9293, 7881, 7903, 6848, 8316, 9945, 3965
1319, 9002, 7733, 4339, 4968
1320, 9206, 7507, 558
1321, 766, 1162, 1487, 2357, 7877, 9542
1322, 3336, 9362, 3069, 7722, 874
1323, 5741, 7824, 9531, 2887, 5988, 6735
1324, 7562, 7831, 1117, 1196, 8412
1325, 2150, 2538, 7602, 1212, 2127, 2753, 5888, 9067
1326, 6564, 4227, 7365, 2302, 2353, 3486, 3585, 1369
1327, 6954, 7416, 8492, 7926, 2897, 3369, 1616, 1953, 2550, 3676, 9718
1328, 3105, 8098, 8555, 6645, 2073, 3924, 5709, 8655, 4582
1329, 8128, 8406, 4949, 7103, 1518, 2717, 4107
1330, 5686, 2871, 3790, 5593, 6269, 6514, 9482
1331, 5332, 7287, 317, 507, 1443
1332, 9381, 1721, 2982, 1506, 6317, 7961, 8674, 664, 2625, 2933, 326
1333, 5799, 7987, 4952, 7698, 8300, 792, 979, 1030, 1772, 2674, 4619, 842
1334, 5138, 3358, 4304, 8602, 8778, 3235, 4335
1335, 6006, 7561, 5022, 8395, 5909, 1216
1336, 1933, 3758, 7776, 1738, 3349, 4476, 1352
1337, 2423, 5777, 6473, 2400, 6730, 382
1338, 5036, 7979, 3080, 536
1339, 3796, 5993, 612, 853, 1525, 4133
1340, 8331, 1203, 9349
1341, 8473, 59, 150, 2320, 4526, 6059
1342, 8015, 9469, 3706, 4825, 6158, 503, 624, 7670
1343, 7308, 1508, 1912, 9570, 645, 1572, 5293, 80
1344, 3250, 3403, 6430, 1057
1345, 8510, 6098, 7550, 8914, 1831
1346, 9888, 6506, 2373, 3884, 3953, 6945, 2729, 3607, 4071
1347, 8656, 9998, 2639, 2834, 4479, 4862, 1272
1348, 5235, 8757, 7122, 5072, 4182, 5469, 5849, 4955, 168
1349, 9487, 7953, 8186, 4295, 6412, 3060
1350, 9398, 8546, 520, 815, 929, 4262
1351, 4711, 5141, 9703, 1000, 1733, 2268, 2847, 4485, 2499, 4172, 4883
1352, 9306, 7453, 7589, 5505, 4579, 5561, 5696, 8252
1353, 4640, 8006, 9969, 1660, 3627, 5802, 3530, 6099
1354, 7063, 6770, 5689, 3853, 5140, 9986
1355, 7924, 5239, 5520, 6620, 6565
1356, 6815, 9756, 7808
1357, 4267, 5150, 400, 2208
1358, 6361, 2553, 2641, 2815, 3479, 430, 447, 533
1359, 4131, 3512, 4513, 6248, 5445, 8708, 4891
1360, 8721, 3544, 8519, 6585, 5694, 2585, 620, 1042, 1539, 8347, 957, 1585, 650, 790
1361, 9544, 5130, 7946, 4831, 7468, 9913, 2985, 907, 2382, 3482, 1481, 1787
1362, 8930, 9676, 6737, 4039, 3476, 1644, 1907
1363, 8024, 4675, 6773, 5921, 2518, 1395, 2363
1364, 4747, 9452, 6359, 7357, 3569, 9055, 1438, 3430
1365, 5226, 5444, 5994, 9176, 9741, 3913, 5609
1366, 7426, 9614, 9153, 2078, 5781, 6647, 5691
1367, 9143, 9199, 3004, 6427, 5753
1368, 6560, 6887, 9801, 6035
1369, 8793, 7723, 7848, 8135, 2501
1370, 2810, 4048, 5003, 913, 935
1371, 3437, 5096, 8131, 1446
1372, 6765, 3981, 2094, 3708, 1016, 1560
1373, 6909, 6687, 3502, 5078, 6017, 1965, 3073
1374, 8516, 9800, 6727, 4424
1375, 9500, 6176, 9342
1376, 8865, 9806, 5298
1377, 20, 76, 202, 203, 246
1378, 3726, 4104, 4918, 8150, 261, 401, 556, 655, 1967, 2260, 220, 34, 153, 335
1379, 4646, 6796, 3032, 3052, 3140, 2821, 4496, 730, 565
1380, 3492, 4551, 5873, 3993, 8236, 8703, 843, 1357, 9291
1381, 6967, 3218, 8559, 9726, 1765, 5637, 4457, 5008, 2026, 4599, 7378
1382, 8594, 4482, 6114, 2569, 7590, 3360
1383, 6149, 6429, 8047, 9251, 5082
1384, 2658, 2956, 3978, 2266, 6432
1385, 4492, 9042, 2500, 4751
1386, 5402, 7939, 7955, 2388, 9619, 1336, 2395
1387, 3751, 4970, 7681, 7322
1388, 4947, 2741, 6341, 2241
1389, 5757, 8965, 4561, 4760, 9757
1390, 3770, 4317, 9344, 340
1391, 8660, 8370, 419, 2716, 6101, 7332, 1712, 4629, 6441, 1452, 2036, 2226
1392, 432, 633, 809, 1026, 2212, 4899, 3739, 1818
1393, 1709, 3010, 3638, 5098, 888, 7356, 687, 951, 3888, 3517, 9000, 2824
1394, 5660, 3610, 9659, 2377, 946, 1554, 7851, 1458, 2736, 745, 798, 2858
1395, 8350, 8172, 2095, 5053, 1540, 3614, 8086, 4132, 5365, 1916
1396, 3771, 4578, 9765, 8424
1397, 6344, 9353, 5806, 7879, 9400, 5252, 2896
1398, 6799, 1040, 5093, 6066
1399, 9771, 2255, 1311
1400, 9995, 4044, 3874, 438
1401, 6901, 2229, 1241, 4221, 104
1402, 4128, 5040, 2924, 7519, 4415, 1439, 2262, 695
1403, 3018, 3521, 569, 2794, 6849, 5961, 1652
1404, 4035, 9428, 9366, 833, 3959, 5503, 7363, 4867, 2216, 3928
1405, 5120, 8833, 8193, 2602
1406, 9190, 2584, 6353, 9931, 4566, 4045, 5095, 3294, 3703, 3705, 3766
1407, 3090, 3800, 6475, 6689, 9005, 4735, 8676
1408, 6472, 6443, 8326, 7430
1409, 6688, 3821
1410, 9305, 9690, 6526, 7348, 2970, 3176
1411, 4716, 4985, 7200, 4192, 5635, 9481, 3811
1412, 7804, 5129, 5415, 5661, 3639, 404
1413, 6408, 7050, 6416, 692, 926, 2310
1414, 3125, 4095, 7011, 1790, 6132, 6187, 581, 756, 3181
1415, 7892, 3273, 8207, 6263, 3195, 4211, 598, 1053
1416, 9093, 4728, 7864, 8501, 3509, 3963
1417, 9661, 4254, 8157, 6968, 437
1418, 9711, 6521, 636, 795, 5869, 523
1419, 8184, 8997, 4188, 7583, 7622, 2614, 6669
1420, 9440, 9518, 7523, 9348, 4434
1421, 7239, 9124, 561, 3159, 570, 696
1422, 4442, 817, 2058, 2392, 3144, 4554, 318, 491
1423, 5070, 902, 932, 1465, 1672, 4049, 2724
1424, 1659, 2491, 4741, 2275, 5904, 3735, 3875
1425, 6438, 1898, 3592, 4828, 2545, 3096, 7015, 6205
1426, 6721, 7792, 8848, 8798, 7511
1427, 9436, 9096, 6227, 4957
1428, 4645, 8977
1429, 6373, 7584, 405, 2603
1430, 2682, 6069, 750, 1606, 754, 2728, 3776
1431, 3686, 4093, 6041, 8221, 8470, 7991, 2909, 5646, 8259, 832, 931, 1637, 8197, 4994
1432, 6076, 7013, 7900, 6277, 6591, 6351, 9266, 6085, 1083, 1136, 1397, 8534, 6628
1433, 7580, 9262, 7464, 7034, 1788, 6518, 6900, 7817
1434, 8165, 8290, 6851, 3465, 2385, 2781, 7317, 8759, 8923, 9949
1435, 8911, 4555, 8859, 4397, 1131
1436, 6223, 6676, 3432, 3568, 1882, 1108, 2531
1437, 3583, 3702, 9001, 3464, 5531, 5056, 1205, 2630, 5258
1438, 9125, 9094, 3818, 5453, 7120, 3463, 9987, 7166
1439, 6255, 9788, 8422, 5142, 6159, 8837, 4025, 4350, 6718
1440, 6623, 6936, 1300, 4495
1441, 7234, 9313, 2616
